1.2 2.8 6.7 7.3 8.3 9.5 11.0 11.4 11.0 12.4 11.4 12.7 13.5 12.4 13.1 14.1 14.7 13.3 12.5 14.2 22.0 21.2 24.2 22.5 24.0 37.4 27.3 25.7 21.6 28.5 26.0 21.5 20.4 16.2 14.9 20.3 18.7 16.7 17.0 16.5 15.8 19.0 16.5 15.3 15.2 16.4 15.0 13.4 12.4 14.5 17.7 19.0 15.8 13.5 14.6 15.9 13.4 
2.8 1.3 2.9 5.5 7.1 9.6 10.3 11.3 13.8 19.8 11.7 12.8 14.5 13.5 13.7 16.9 14.9 12.7 11.8 16.4 37.1 34.1 45.1 40.4 43.7 72.0 54.7 52.3 34.4 53.7 46.5 32.0 30.5 21.7 18.2 31.9 24.9 17.4 17.9 18.1 17.8 29.5 23.3 16.8 15.2 15.7 16.2 13.0 13.6 20.1 27.8 28.4 25.2 18.7 24.5 30.2 23.2 
6.7 2.9 1.3 2.9 6.3 9.4 9.7 10.9 14.4 18.4 12.6 12.3 12.9 14.7 14.5 18.6 15.8 14.0 13.6 18.3 34.7 31.7 41.7 35.6 39.0 62.8 52.0 53.4 36.4 60.7 51.5 35.5 33.1 22.9 20.7 28.5 26.1 19.5 18.8 20.7 20.5 32.4 22.2 19.0 17.1 17.4 18.6 14.8 16.0 23.1 26.4 27.2 27.8 22.1 28.4 31.0 23.4 
7.3 5.5 2.9 1.3 2.9 5.7 7.9 9.5 11.2 16.0 11.7 12.2 14.3 12.0 12.7 13.5 13.5 12.3 12.6 16.0 34.1 31.3 38.7 35.5 36.9 63.1 45.6 45.9 31.6 46.5 40.9 28.0 26.0 21.3 18.8 31.0 23.2 17.2 16.7 16.8 16.7 24.2 21.3 16.8 14.5 15.2 14.6 13.4 14.2 17.9 26.3 29.2 24.8 19.8 25.4 30.4 24.6 
8.3 7.1 6.3 2.9 1.3 2.8 6.1 8.1 9.8 15.4 10.6 11.5 14.3 11.7 11.9 13.5 12.9 11.9 12.0 15.0 33.7 30.8 39.7 34.9 36.7 66.8 46.2 46.0 29.1 47.2 39.2 24.9 24.1 20.3 18.1 32.0 22.2 16.3 16.1 16.0 15.8 23.2 20.6 16.0 14.1 14.0 14.2 12.9 13.9 17.5 26.1 29.7 25.1 19.5 25.4 31.2 25.4 
9.5 9.6 9.4 5.7 2.8 1.3 3.2 6.5 7.9 11.9 10.9 12.7 15.6 10.6 11.8 10.8 12.3 12.4 13.2 15.6 28.1 26.9 30.6 28.4 30.0 46.6 33.1 30.3 22.8 31.2 27.9 20.2 18.9 19.4 19.1 30.1 21.4 16.9 16.5 14.9 15.2 17.2 20.3 16.5 13.7 15.4 13.8 14.9 14.4 15.1 24.5 28.9 22.7 18.8 22.7 28.1 26.6 
11.0 10.3 9.7 7.9 6.1 3.2 1.3 3.1 7.0 12.2 9.6 10.9 12.4 12.5 12.7 14.9 13.6 12.2 12.0 14.9 28.8 26.3 33.6 30.2 32.7 55.7 41.8 41.7 28.5 44.9 38.9 26.4 25.2 19.1 18.1 27.3 21.5 16.7 16.5 18.1 18.0 25.4 20.8 17.1 16.0 16.2 16.7 14.7 14.9 18.9 24.0 25.9 24.2 19.7 26.2 29.8 23.9 
11.4 11.3 10.9 9.5 8.1 6.5 3.1 1.3 3.4 10.0 7.7 9.5 11.6 12.2 12.4 15.2 13.9 12.2 11.1 12.3 26.2 23.8 31.8 27.9 30.0 49.9 37.4 39.5 25.1 42.6 34.3 22.2 21.9 16.3 15.7 24.8 19.0 15.3 15.7 17.7 16.7 25.2 19.0 15.9 16.0 16.6 17.3 14.6 14.5 17.2 21.9 22.9 21.5 17.0 23.6 26.6 20.8 
11.0 13.8 14.4 11.2 9.8 7.9 7.0 3.4 1.4 3.5 5.9 9.0 10.6 10.1 11.5 12.0 13.2 13.5 11.9 9.5 11.9 11.9 12.2 12.3 13.1 18.5 14.1 13.6 12.2 14.6 13.8 12.8 12.3 11.3 11.5 13.4 12.5 14.5 15.9 15.4 14.5 13.0 12.8 12.9 16.2 17.5 16.1 16.2 13.9 11.9 12.9 13.3 11.4 11.6 11.3 12.3 13.7 
12.4 19.8 18.4 16.0 15.4 11.9 12.2 10.0 3.5 1.4 4.1 7.6 7.3 10.5 13.2 12.7 15.9 17.6 17.3 9.3 7.1 7.4 7.5 7.4 8.3 11.8 9.8 10.2 12.9 11.3 11.2 15.4 14.5 10.9 11.5 8.1 11.6 22.0 20.4 20.2 20.5 13.1 10.6 16.0 22.9 26.8 20.3 23.2 17.8 14.7 9.3 8.9 8.9 12.4 9.3 8.5 9.9 
11.4 11.7 12.6 11.7 10.6 10.9 9.6 7.7 5.9 4.1 1.3 3.5 7.5 8.5 9.5 12.3 11.5 10.5 8.9 8.8 19.1 17.5 24.4 21.0 23.0 39.8 28.0 27.6 17.7 31.8 25.4 17.7 16.6 13.1 11.5 20.2 15.6 13.2 15.1 15.8 14.5 19.5 15.7 13.3 14.6 15.4 16.1 14.1 12.9 14.4 17.7 18.7 16.1 12.9 16.3 20.0 16.7 
12.7 12.8 12.3 12.2 11.5 12.7 10.9 9.5 9.0 7.6 3.5 1.3 2.7 7.0 8.6 12.1 11.1 10.1 9.7 10.2 16.1 15.1 19.4 17.0 19.1 35.0 27.6 29.5 23.7 33.8 29.3 23.2 21.5 15.6 13.6 15.5 16.4 15.7 15.4 17.7 18.1 23.7 15.2 15.2 16.1 16.3 17.2 14.7 15.0 18.0 15.8 15.8 18.3 17.0 20.0 19.8 15.3 
13.5 14.5 12.9 14.3 14.3 15.6 12.4 11.6 10.6 7.3 7.5 2.7 1.3 4.0 7.4 11.6 11.2 10.8 11.2 10.3 12.0 11.7 14.9 13.2 15.0 25.2 23.0 26.1 24.9 29.7 27.6 26.2 24.7 16.5 14.3 11.5 15.8 18.6 16.5 20.3 20.5 25.5 13.5 17.0 18.9 19.5 20.4 16.5 16.6 20.6 12.7 12.7 17.0 19.0 19.0 17.0 12.6 
12.4 13.5 14.7 12.0 11.7 10.6 12.5 12.2 10.1 10.5 8.5 7.0 4.0 1.4 2.7 4.7 6.3 7.8 9.5 11.0 17.9 17.3 19.5 18.8 20.1 32.5 23.4 22.5 18.1 23.7 22.4 17.5 16.3 16.0 16.2 23.0 17.4 15.6 15.8 14.0 14.3 15.0 17.1 14.8 13.9 15.7 14.3 15.1 13.9 13.7 19.9 22.8 18.3 16.5 18.6 22.3 21.8 
13.1 13.7 14.5 12.7 11.9 11.8 12.7 12.4 11.5 13.2 9.5 8.6 7.4 2.7 1.4 3.2 5.0 6.8 8.9 10.7 19.8 18.7 22.8 21.7 23.2 38.8 29.3 29.3 20.2 30.3 26.2 19.1 18.2 16.6 16.5 24.8 18.7 15.8 15.8 15.1 14.8 17.7 17.7 15.6 14.6 15.1 15.2 15.0 14.5 15.9 21.9 24.3 21.2 17.7 21.4 25.9 22.9 
14.1 16.9 18.6 13.5 13.5 10.8 14.9 15.2 12.0 12.7 12.3 12.1 11.6 4.7 3.2 1.3 2.8 5.8 9.6 11.2 17.6 18.0 18.4 19.3 20.6 34.7 23.2 21.5 17.4 21.8 20.8 16.0 14.9 17.0 18.8 26.6 19.8 17.3 16.9 13.8 14.2 13.3 19.3 16.8 14.1 17.1 14.3 17.2 15.3 13.8 23.1 27.7 20.2 17.6 20.2 25.8 27.4 
14.7 14.9 15.8 13.5 12.9 12.3 13.6 13.9 13.2 15.9 11.5 11.1 11.2 6.3 5.0 2.8 1.4 2.8 6.9 9.7 19.2 18.8 22.8 22.4 24.4 42.8 31.1 30.3 21.4 32.3 28.5 19.2 18.2 17.2 17.5 27.4 19.9 16.0 16.0 14.8 15.0 18.3 19.5 16.2 14.6 15.7 15.1 15.6 15.3 16.3 24.3 27.3 22.9 18.8 23.9 27.9 26.0 
13.3 12.7 14.0 12.3 11.9 12.4 12.2 12.2 13.5 17.6 10.5 10.1 10.8 7.8 6.8 5.8 2.8 1.3 3.2 7.8 18.1 18.4 23.6 22.6 25.6 46.5 34.6 35.0 23.1 37.4 30.9 21.0 20.1 16.2 15.0 26.3 19.2 14.3 14.5 14.6 15.2 21.8 20.1 15.0 13.8 14.4 14.8 13.3 14.0 16.7 23.7 26.6 22.8 17.8 24.1 29.4 23.7 
12.5 11.8 13.6 12.6 12.0 13.2 12.0 11.1 11.9 17.3 8.9 9.7 11.2 9.5 8.9 9.6 6.9 3.2 1.3 3.3 15.0 15.3 21.1 19.6 22.9 46.1 32.9 32.8 20.2 36.5 30.0 17.9 17.3 13.7 12.2 23.5 16.3 12.4 13.8 14.5 13.9 22.7 18.6 13.5 13.3 14.1 15.4 12.8 12.9 15.7 21.9 23.2 20.2 15.0 20.8 25.3 19.5 
14.2 16.4 18.3 16.0 15.0 15.6 14.9 12.3 9.5 9.3 8.8 10.2 10.3 11.0 10.7 11.2 9.7 7.8 3.3 1.4 3.5 4.8 7.7 7.7 9.7 22.6 16.0 16.9 12.7 19.7 16.6 12.7 13.1 10.5 9.6 11.5 12.2 12.8 14.7 15.6 14.2 17.4 13.1 12.9 15.9 17.2 17.5 15.8 14.6 14.2 13.1 13.1 13.9 12.3 13.5 14.5 11.7 
22.0 37.1 34.7 34.1 33.7 28.1 28.8 26.2 11.9 7.1 19.1 16.1 12.0 17.9 19.8 17.6 19.2 18.1 15.0 3.5 1.5 2.5 3.4 4.6 5.9 9.9 9.1 9.8 13.8 10.7 10.8 17.5 17.5 13.2 15.0 9.0 14.3 31.5 29.8 31.2 32.8 17.5 13.9 23.1 35.8 40.7 32.3 38.0 29.7 23.6 11.7 10.9 11.7 18.1 12.0 10.2 12.0 
21.2 34.1 31.7 31.3 30.8 26.9 26.3 23.8 11.9 7.4 17.5 15.1 11.7 17.3 18.7 18.0 18.8 18.4 15.3 4.8 2.5 1.5 2.9 4.2 5.4 10.7 9.5 10.3 13.1 11.6 11.4 16.2 16.8 12.9 14.1 9.0 13.8 28.4 25.8 29.4 28.1 18.0 13.1 21.8 33.3 36.8 29.8 33.6 26.4 22.9 11.7 10.7 12.2 17.4 12.4 10.7 11.7 
24.2 45.1 41.7 38.7 39.7 30.6 33.6 31.8 12.2 7.5 24.4 19.4 14.9 19.5 22.8 18.4 22.8 23.6 21.1 7.7 3.4 2.9 1.5 2.9 3.9 7.3 7.3 7.9 13.5 8.3 8.7 17.9 16.9 14.1 17.1 9.9 15.6 37.4 34.0 32.6 36.1 16.6 15.3 26.1 40.1 48.0 33.8 45.3 33.4 25.3 12.8 11.8 11.2 19.2 11.8 9.3 13.4 
22.5 40.4 35.6 35.5 34.9 28.4 30.2 27.9 12.3 7.4 21.0 17.0 13.2 18.8 21.7 19.3 22.4 22.6 19.6 7.7 4.6 4.2 2.9 1.5 2.5 8.1 7.9 8.6 12.1 9.4 9.5 15.7 15.6 12.8 14.5 8.9 13.7 31.6 28.6 29.9 30.0 16.5 13.2 22.3 35.0 40.2 31.2 36.8 28.4 22.6 11.6 10.6 11.4 17.5 11.5 9.7 11.4 
24.0 43.7 39.0 36.9 36.7 30.0 32.7 30.0 13.1 8.3 23.0 19.1 15.0 20.1 23.2 20.6 24.4 25.6 22.9 9.7 5.9 5.4 3.9 2.5 1.4 7.8 8.1 8.8 11.9 9.6 9.7 15.4 15.6 13.4 15.8 10.1 14.9 34.2 30.1 30.8 31.5 16.2 14.2 23.7 37.5 42.4 30.7 39.5 30.0 23.6 12.8 11.7 12.4 18.1 12.6 10.6 12.8 
37.4 72.0 62.8 63.1 66.8 46.6 55.7 49.9 18.5 11.8 39.8 35.0 25.2 32.5 38.8 34.7 42.8 46.5 46.1 22.6 9.9 10.7 7.3 8.1 7.8 1.2 3.0 4.5 9.1 6.5 7.3 15.5 15.3 15.2 17.9 11.6 16.5 36.4 32.8 32.1 36.5 16.4 17.7 28.0 41.9 53.0 32.6 47.6 34.6 24.8 14.9 14.1 12.3 21.2 13.1 10.6 16.2 
27.3 54.7 52.0 45.6 46.2 33.1 41.8 37.4 14.1 9.8 28.0 27.6 23.0 23.4 29.3 23.2 31.1 34.6 32.9 16.0 9.1 9.5 7.3 7.9 8.1 3.0 1.5 2.7 5.4 4.9 5.5 9.5 9.7 10.4 13.9 9.8 12.8 24.9 24.9 22.1 24.0 11.6 13.2 19.4 27.8 34.5 24.7 36.0 23.9 16.7 12.1 11.8 10.2 14.9 10.1 8.9 13.1 
25.7 52.3 53.4 45.9 46.0 30.3 41.7 39.5 13.6 10.2 27.6 29.5 26.1 22.5 29.3 21.5 30.3 35.0 32.8 16.9 9.8 10.3 7.9 8.6 8.8 4.5 2.7 1.5 3.4 4.0 4.6 7.7 7.9 9.7 14.1 10.6 12.7 24.3 24.0 20.0 21.4 10.3 13.6 18.8 25.5 33.9 23.2 34.1 23.2 15.0 12.9 13.1 10.4 14.3 9.8 9.4 14.2 
21.6 34.4 36.4 31.6 29.1 22.8 28.5 25.1 12.2 12.9 17.7 23.7 24.9 18.1 20.2 17.4 21.4 23.1 20.2 12.7 13.8 13.1 13.5 12.1 11.9 9.1 5.4 3.4 1.4 3.3 4.2 4.7 5.8 8.3 11.4 13.0 11.0 16.1 17.5 14.8 13.9 9.2 12.6 14.2 18.1 21.7 17.7 22.9 17.2 11.7 14.2 15.8 12.3 12.0 10.6 12.5 15.3 
28.5 53.7 60.7 46.5 47.2 31.2 44.9 42.6 14.6 11.3 31.8 33.8 29.7 23.7 30.3 21.8 32.3 37.4 36.5 19.7 10.7 11.6 8.3 9.4 9.6 6.5 4.9 4.0 3.3 1.5 2.5 5.3 6.4 9.1 14.4 10.9 13.0 24.1 24.3 19.7 22.1 10.0 14.6 19.5 25.2 33.4 23.2 34.1 24.1 15.6 14.2 14.6 11.2 15.9 10.6 9.9 16.5 
26.0 46.5 51.5 40.9 39.2 27.9 38.9 34.3 13.8 11.2 25.4 29.3 27.6 22.4 26.2 20.8 28.5 30.9 30.0 16.6 10.8 11.4 8.7 9.5 9.7 7.3 5.5 4.6 4.2 2.5 1.6 3.5 5.5 8.1 12.2 10.3 11.7 20.3 21.7 17.8 18.4 9.9 13.4 17.1 22.4 27.9 20.9 29.6 21.5 14.5 13.5 14.0 11.2 14.6 10.4 9.9 15.6 
21.5 32.0 35.5 28.0 24.9 20.2 26.4 22.2 12.8 15.4 17.7 23.2 26.2 17.5 19.1 16.0 19.2 21.0 17.9 12.7 17.5 16.2 17.9 15.7 15.4 15.5 9.5 7.7 4.7 5.3 3.5 1.4 2.7 6.2 9.5 13.0 9.8 13.2 14.9 12.6 11.6 8.6 12.7 13.1 15.5 17.9 15.5 19.8 15.9 11.2 15.5 18.1 13.9 12.7 11.9 15.1 17.0 
20.4 30.5 33.1 26.0 24.1 18.9 25.2 21.9 12.3 14.5 16.6 21.5 24.7 16.3 18.2 14.9 18.2 20.1 17.3 13.1 17.5 16.8 16.9 15.6 15.6 15.3 9.7 7.9 5.8 6.4 5.5 2.7 1.4 3.8 7.8 11.5 9.0 12.2 13.9 11.3 11.0 7.9 11.8 12.2 14.5 16.9 14.4 18.8 14.7 10.3 14.7 17.6 12.9 12.2 11.5 14.2 16.7 
16.2 21.7 22.9 21.3 20.3 19.4 19.1 16.3 11.3 10.9 13.1 15.6 16.5 16.0 16.6 17.0 17.2 16.2 13.7 10.5 13.2 12.9 14.1 12.8 13.4 15.2 10.4 9.7 8.3 9.1 8.1 6.2 3.8 1.4 3.1 6.6 7.0 9.4 11.1 11.4 10.8 9.8 9.5 11.0 14.0 15.8 14.7 15.0 12.6 10.9 11.2 11.7 10.7 10.8 10.4 11.4 11.8 
14.9 18.2 20.7 18.8 18.1 19.1 18.1 15.7 11.5 11.5 11.5 13.6 14.3 16.2 16.5 18.8 17.5 15.0 12.2 9.6 15.0 14.1 17.1 14.5 15.8 17.9 13.9 14.1 11.4 14.4 12.2 9.5 7.8 3.1 1.5 3.1 5.0 7.2 9.3 10.6 9.9 11.9 9.5 10.3 12.8 14.4 14.0 13.2 11.6 11.5 10.9 11.3 10.9 10.6 11.2 12.0 10.8 
20.3 31.9 28.5 31.0 32.0 30.1 27.3 24.8 13.4 8.1 20.2 15.5 11.5 23.0 24.8 26.6 27.4 26.3 23.5 11.5 9.0 9.0 9.9 8.9 10.1 11.6 9.8 10.6 13.0 10.9 10.3 13.0 11.5 6.6 3.1 1.4 3.1 10.3 11.1 14.4 15.8 12.0 7.6 13.3 19.7 21.8 19.7 20.8 18.1 16.3 7.6 7.6 9.2 14.4 10.1 8.4 7.9 
18.7 24.9 26.1 23.2 22.2 21.4 21.5 19.0 12.5 11.6 15.6 16.4 15.8 17.4 18.7 19.8 19.9 19.2 16.3 12.2 14.3 13.8 15.6 13.7 14.9 16.5 12.8 12.7 11.0 13.0 11.7 9.8 9.0 7.0 5.0 3.1 1.5 3.1 6.6 8.3 8.6 8.4 8.4 10.1 13.3 15.0 14.1 15.0 13.4 10.5 10.0 10.9 11.2 12.4 11.7 11.5 11.5 
16.7 17.4 19.5 17.2 16.3 16.9 16.7 15.3 14.5 22.0 13.2 15.7 18.6 15.6 15.8 17.3 16.0 14.3 12.4 12.8 31.5 28.4 37.4 31.6 34.2 36.4 24.9 24.3 16.1 24.1 20.3 13.2 12.2 9.4 7.2 10.3 3.1 1.4 3.0 5.9 6.6 10.1 11.2 9.9 10.6 11.7 12.2 11.6 10.9 10.9 16.5 19.3 16.1 13.1 17.2 21.3 17.8 
17.0 17.9 18.8 16.7 16.1 16.5 16.5 15.7 15.9 20.4 15.1 15.4 16.5 15.8 15.8 16.9 16.0 14.5 13.8 14.7 29.8 25.8 34.0 28.6 30.1 32.8 24.9 24.0 17.5 24.3 21.7 14.9 13.9 11.1 9.3 11.1 6.6 3.0 1.3 3.0 5.8 9.1 9.4 9.7 10.3 11.5 11.8 11.5 11.1 11.7 15.2 17.1 16.5 14.0 17.4 19.8 17.0 
16.5 18.1 20.7 16.8 16.0 14.9 18.1 17.7 15.4 20.2 15.8 17.7 20.3 14.0 15.1 13.8 14.8 14.6 14.5 15.6 31.2 29.4 32.6 29.9 30.8 32.1 22.1 20.0 14.8 19.7 17.8 12.6 11.3 11.4 10.6 14.4 8.3 5.9 3.0 1.4 3.0 5.8 8.5 8.4 8.7 10.4 10.1 11.2 10.3 9.7 15.5 19.0 15.0 13.0 15.5 19.6 19.1 
15.8 17.8 20.5 16.7 15.8 15.2 18.0 16.7 14.5 20.5 14.5 18.1 20.5 14.3 14.8 14.2 15.0 15.2 13.9 14.2 32.8 28.1 36.1 30.0 31.5 36.5 24.0 21.4 13.9 22.1 18.4 11.6 11.0 10.8 9.9 15.8 8.6 6.6 5.8 3.0 1.4 3.2 6.8 6.9 7.9 9.6 9.6 10.4 9.5 8.9 14.9 18.5 14.0 11.4 14.4 19.3 17.8 
19.0 29.5 32.4 24.2 23.2 17.2 25.4 25.2 13.0 13.1 19.5 23.7 25.5 15.0 17.7 13.3 18.3 21.8 22.7 17.4 17.5 18.0 16.6 16.5 16.2 16.4 11.6 10.3 9.2 10.0 9.9 8.6 7.9 9.8 11.9 12.0 8.4 10.1 9.1 5.8 3.2 1.4 3.2 5.9 8.5 11.8 9.7 14.2 11.0 7.8 11.1 13.8 10.2 10.7 9.9 11.6 15.7 
16.5 23.3 22.2 21.3 20.6 20.3 20.8 19.0 12.8 10.6 15.7 15.2 13.5 17.1 17.7 19.3 19.5 20.1 18.6 13.1 13.9 13.1 15.3 13.2 14.2 17.7 13.2 13.6 12.6 14.6 13.4 12.7 11.8 9.5 9.5 7.6 8.4 11.2 9.4 8.5 6.8 3.2 1.4 3.6 8.2 10.6 10.1 11.8 10.4 9.9 8.4 8.9 9.7 11.2 10.0 9.7 9.5 
15.3 16.8 19.0 16.8 16.0 16.5 17.1 15.9 12.9 16.0 13.3 15.2 17.0 14.8 15.6 16.8 16.2 15.0 13.5 12.9 23.1 21.8 26.1 22.3 23.7 28.0 19.4 18.8 14.2 19.5 17.1 13.1 12.2 11.0 10.3 13.3 10.1 9.9 9.7 8.4 6.9 5.9 3.6 1.4 3.4 6.6 7.7 8.6 8.4 8.6 11.3 13.6 11.8 11.0 12.1 14.6 13.8 
15.2 15.2 17.1 14.5 14.1 13.7 16.0 16.0 16.2 22.9 14.6 16.1 18.9 13.9 14.6 14.1 14.6 13.8 13.3 15.9 35.8 33.3 40.1 35.0 37.5 41.9 27.8 25.5 18.1 25.2 22.4 15.5 14.5 14.0 12.8 19.7 13.3 10.6 10.3 8.7 7.9 8.5 8.2 3.4 1.3 3.1 5.3 7.1 7.8 8.7 14.7 18.0 15.0 12.5 15.8 19.6 18.1 
16.4 15.7 17.4 15.2 14.0 15.4 16.2 16.6 17.5 26.8 15.4 16.3 19.5 15.7 15.1 17.1 15.7 14.4 14.1 17.2 40.7 36.8 48.0 40.2 42.4 53.0 34.5 33.9 21.7 33.4 27.9 17.9 16.9 15.8 14.4 21.8 15.0 11.7 11.5 10.4 9.6 11.8 10.6 6.6 3.1 1.3 2.9 6.2 8.0 10.1 16.0 18.8 17.0 14.3 18.2 22.0 19.2 
15.0 16.2 18.6 14.6 14.2 13.8 16.7 17.3 16.1 20.3 16.1 17.2 20.4 14.3 15.2 14.3 15.1 14.8 15.4 17.5 32.3 29.8 33.8 31.2 30.7 32.6 24.7 23.2 17.7 23.2 20.9 15.5 14.4 14.7 14.0 19.7 14.1 12.2 11.8 10.1 9.6 9.7 10.1 7.7 5.3 2.9 1.4 3.2 6.2 7.8 12.6 15.8 13.4 12.3 14.1 17.4 17.4 
13.4 13.0 14.8 13.4 12.9 14.9 14.7 14.6 16.2 23.2 14.1 14.7 16.5 15.1 15.0 17.2 15.6 13.3 12.8 15.8 38.0 33.6 45.3 36.8 39.5 47.6 36.0 34.1 22.9 34.1 29.6 19.8 18.8 15.0 13.2 20.8 15.0 11.6 11.5 11.2 10.4 14.2 11.8 8.6 7.1 6.2 3.2 1.3 3.2 7.5 12.4 15.0 14.1 12.0 15.4 19.1 16.1 
12.4 13.6 16.0 14.2 13.9 14.4 14.9 14.5 13.9 17.8 12.9 15.0 16.6 13.9 14.5 15.3 15.3 14.0 12.9 14.6 29.7 26.4 33.4 28.4 30.0 34.6 23.9 23.2 17.2 24.1 21.5 15.9 14.7 12.6 11.6 18.1 13.4 10.9 11.1 10.3 9.5 11.0 10.4 8.4 7.8 8.0 6.2 3.2 1.4 3.0 8.0 11.2 9.6 8.8 11.0 14.5 13.7 
14.5 20.1 23.1 17.9 17.5 15.1 18.9 17.2 11.9 14.7 14.4 18.0 20.6 13.7 15.9 13.8 16.3 16.7 15.7 14.2 23.6 22.9 25.3 22.6 23.6 24.8 16.7 15.0 11.7 15.6 14.5 11.2 10.3 10.9 11.5 16.3 10.5 10.9 11.7 9.7 8.9 7.8 9.9 8.6 8.7 10.1 7.8 7.5 3.0 1.4 3.4 8.3 6.9 7.2 8.5 11.4 12.5 
17.7 27.8 26.4 26.3 26.1 24.5 24.0 21.9 12.9 9.3 17.7 15.8 12.7 19.9 21.9 23.1 24.3 23.7 21.9 13.1 11.7 11.7 12.8 11.6 12.8 14.9 12.1 12.9 14.2 14.2 13.5 15.5 14.7 11.2 10.9 7.6 10.0 16.5 15.2 15.5 14.9 11.1 8.4 11.3 14.7 16.0 12.6 12.4 8.0 3.4 1.5 2.6 4.4 8.0 7.3 6.9 6.9 
19.0 28.4 27.2 29.2 29.7 28.9 25.9 22.9 13.3 8.9 18.7 15.8 12.7 22.8 24.3 27.7 27.3 26.6 23.2 13.1 10.9 10.7 11.8 10.6 11.7 14.1 11.8 13.1 15.8 14.6 14.0 18.1 17.6 11.7 11.3 7.6 10.9 19.3 17.1 19.0 18.5 13.8 8.9 13.6 18.0 18.8 15.8 15.0 11.2 8.3 2.6 1.5 3.0 7.5 6.7 6.2 6.6 
15.8 25.2 27.8 24.8 25.1 22.7 24.2 21.5 11.4 8.9 16.1 18.3 17.0 18.3 21.2 20.2 22.9 22.8 20.2 13.9 11.7 12.2 11.2 11.4 12.4 12.3 10.2 10.4 12.3 11.2 11.2 13.9 12.9 10.7 10.9 9.2 11.2 16.1 16.5 15.0 14.0 10.2 9.7 11.8 15.0 17.0 13.4 14.1 9.6 6.9 4.4 3.0 1.6 3.4 4.5 5.4 7.6 
13.5 18.7 22.1 19.8 19.5 18.8 19.7 17.0 11.6 12.4 12.9 17.0 19.0 16.5 17.7 17.6 18.8 17.8 15.0 12.3 18.1 17.4 19.2 17.5 18.1 21.2 14.9 14.3 12.0 15.9 14.6 12.7 12.2 10.8 10.6 14.4 12.4 13.1 14.0 13.0 11.4 10.7 11.2 11.0 12.5 14.3 12.3 12.0 8.8 7.2 8.0 7.5 3.4 1.4 3.0 6.8 8.2 
14.6 24.5 28.4 25.4 25.4 22.7 26.2 23.6 11.3 9.3 16.3 20.0 19.0 18.6 21.4 20.2 23.9 24.1 20.8 13.5 12.0 12.4 11.8 11.5 12.6 13.1 10.1 9.8 10.6 10.6 10.4 11.9 11.5 10.4 11.2 10.1 11.7 17.2 17.4 15.5 14.4 9.9 10.0 12.1 15.8 18.2 14.1 15.4 11.0 8.5 7.3 6.7 4.5 3.0 1.5 3.2 5.2 
15.9 30.2 31.0 30.4 31.2 28.1 29.8 26.6 12.3 8.5 20.0 19.8 17.0 22.3 25.9 25.8 27.9 29.4 25.3 14.5 10.2 10.7 9.3 9.7 10.6 10.6 8.9 9.4 12.5 9.9 9.9 15.1 14.2 11.4 12.0 8.4 11.5 21.3 19.8 19.6 19.3 11.6 9.7 14.6 19.6 22.0 17.4 19.1 14.5 11.4 6.9 6.2 5.4 6.8 3.2 1.5 2.7 
13.4 23.2 23.4 24.6 25.4 26.6 23.9 20.8 13.7 9.9 16.7 15.3 12.6 21.8 22.9 27.4 26.0 23.7 19.5 11.7 12.0 11.7 13.4 11.4 12.8 16.2 13.1 14.2 15.3 16.5 15.6 17.0 16.7 11.8 10.8 7.9 11.5 17.8 17.0 19.1 17.8 15.7 9.5 13.8 18.1 19.2 17.4 16.1 13.7 12.5 6.9 6.6 7.6 8.2 5.2 2.7 1.5 
