cbin1	cbin2	expected_count
1	1	0.0276563
1	2	0.0229075
1	3	0.0451202
1	4	0.0341071
1	5	0.0712047
1	6	0.034324
1	7	0.0483411
1	8	0.051673
1	9	0.0612889
1	10	0.0469554
1	11	0.0407524
1	12	0.0225854
1	13	0.0155783
1	14	0.0503723
1	15	0.0474792
1	16	0.0403971
1	17	0.0207534
1	18	0.0373413
1	19	0.046763
1	20	0.0236164
1	21	0.0229025
1	22	0.0452174
1	23	0.0331881
1	24	0.0356999
1	25	0.0168273
1	26	0.0339118
1	27	0.0425494
1	28	0.0317767
1	29	0.0589396
1	30	0.0597955
1	31	0.0403323
1	32	0.0388808
1	33	0.0889287
1	34	0.0509894
1	35	0.0366902
1	36	0.0123756
1	37	0.0330561
1	38	0.0257163
1	39	0.0330316
1	40	0.0115097
1	41	0.0146246
1	42	0.0361352
1	43	0.0464348
1	44	0.0427645
1	45	0.0470123
1	46	0.0241017
1	47	0.0195554
1	48	0.0081725
1	49	0.032038
1	50	0.0370008
1	51	0.0305288
1	52	0.0524239
1	53	0.0280976
1	54	0.0369675
1	55	0.042932
1	56	0.032591
1	57	0.0397964
1	58	0.03019
1	59	0.0235627
1	60	0.0217099
1	61	0.027645
1	62	0.0175629
1	63	0.0245087
1	64	0.0268145
1	65	0.0113498
1	66	0.0449753
1	67	0.0150639
1	68	0.00713984
1	69	0.0421591
1	70	0.0335592
1	71	0.0398702
1	72	0.0353683
1	73	0.0212022
1	74	0.0169841
1	75	0.0162107
1	76	0.0370399
1	77	0.0365301
1	78	0.0333601
1	79	0.0229688
1	80	0.0498222
1	81	0.0409647
1	82	0.027786
1	83	0.0452987
1	84	0.0345525
1	85	0.0466855
1	86	0.0414085
1	87	0.0580507
1	88	0.0604946
1	89	0.0320892
1	90	0.0441745
1	91	0.0223173
1	92	0.0362813
1	93	0.0305808
1	94	0.0590471
1	95	0.0528238
1	96	0.0493702
1	97	0.0454461
1	98	0.0398865
1	99	0.027909
1	100	0.04613
1	101	0.024803
1	102	0.0450021
1	103	0.0401936
1	104	0.0395003
1	105	0.0548963
1	106	0.0477669
1	107	0.0296541
1	108	0.0458461
1	109	0.0424629
1	110	0.0405777
1	111	0.0432063
1	112	0.0499576
1	113	0.0163023
1	114	0.0276157
1	115	0.0508481
1	116	0.0196999
1	117	0.0282095
1	118	0.02939
1	119	0.0353783
1	120	0.0161653
1	121	0.0473702
1	122	0.0364273
1	123	0.041931
1	124	0.0395733
1	125	0.0231493
1	126	0.0456486
1	127	0.0487751
1	128	0.0376977
1	129	0.0604801
1	130	0.0554618
1	131	0.056944
1	132	0.0258799
1	133	0.0586528
1	134	0.0569982
1	135	0.0459705
1	136	0.0365982
1	137	0.0312639
1	138	0.0185833
2	1	0.0229075
2	2	0.00467089
2	3	0.0180877
2	4	0.0138566
2	5	0.0282864
2	6	0.0142364
2	7	0.0196979
2	8	0.0207087
2	9	0.0244031
2	10	0.0191138
2	11	0.0165179
2	12	0.00937859
2	13	0.00656648
2	14	0.019834
2	15	0.0188246
2	16	0.0161177
2	17	0.00867093
2	18	0.0153633
2	19	0.018693
2	20	0.00978021
2	21	0.00957963
2	22	0.0182617
2	23	0.013622
2	24	0.0149436
2	25	0.00714132
2	26	0.0139538
2	27	0.0176531
2	28	0.0130794
2	29	0.0236172
2	30	0.0236262
2	31	0.0167252
2	32	0.0156247
2	33	0.0347065
2	34	0.0203713
2	35	0.0149599
2	36	0.00564806
2	37	0.0136167
2	38	0.0107743
2	39	0.0134849
2	40	0.00475609
2	41	0.00592087
2	42	0.0148055
2	43	0.0188299
2	44	0.0173937
2	45	0.0191049
2	46	0.00997207
2	47	0.00787406
2	48	0.00338103
2	49	0.0130144
2	50	0.0148564
2	51	0.0121363
2	52	0.0208548
2	53	0.0117846
2	54	0.0148508
2	55	0.0170792
2	56	0.0130129
2	57	0.0162187
2	58	0.0120349
2	59	0.00967829
2	60	0.00901339
2	61	0.0113085
2	62	0.00695152
2	63	0.00952607
2	64	0.0104533
2	65	0.00460266
2	66	0.0181717
2	67	0.0061343
2	68	0.00282245
2	69	0.0168535
2	70	0.0136297
2	71	0.0161385
2	72	0.0144316
2	73	0.00888071
2	74	0.00692569
2	75	0.00662632
2	76	0.0151026
2	77	0.0147428
2	78	0.0136593
2	79	0.0100717
2	80	0.0200773
2	81	0.0166595
2	82	0.0112983
2	83	0.0183359
2	84	0.0136984
2	85	0.0184205
2	86	0.0171155
2	87	0.0228983
2	88	0.024069
2	89	0.0134278
2	90	0.0180469
2	91	0.0092993
2	92	0.0151166
2	93	0.0131663
2	94	0.0238003
2	95	0.0210348
2	96	0.0196472
2	97	0.0187787
2	98	0.0165442
2	99	0.0113933
2	100	0.0187204
2	101	0.010363
2	102	0.0184442
2	103	0.0163079
2	104	0.0159833
2	105	0.0221795
2	106	0.0191046
2	107	0.0122003
2	108	0.0186953
2	109	0.0172631
2	110	0.0168643
2	111	0.0176635
2	112	0.0202429
2	113	0.00686536
2	114	0.0116541
2	115	0.0204399
2	116	0.00878338
2	117	0.0118635
2	118	0.0121706
2	119	0.0143997
2	120	0.00697242
2	121	0.0192979
2	122	0.0150783
2	123	0.0172241
2	124	0.0158229
2	125	0.00977296
2	126	0.018473
2	127	0.0195108
2	128	0.0152867
2	129	0.0238772
2	130	0.0218832
2	131	0.0224053
2	132	0.0103958
2	133	0.0232186
2	134	0.0225011
2	135	0.0184536
2	136	0.0150856
2	137	0.0129593
2	138	0.00777736
3	1	0.0451202
3	2	0.0180877
3	3	0.0170942
3	4	0.0269606
3	5	0.056201
3	6	0.0271069
3	7	0.0380981
3	8	0.0407507
3	9	0.0483732
3	10	0.037044
3	11	0.03218
3	12	0.0178414
3	13	0.0123331
3	14	0.0397648
3	15	0.0375014
3	16	0.0319232
3	17	0.0163301
3	18	0.0295271
3	19	0.0369677
3	20	0.0185881
3	21	0.0180945
3	22	0.0357671
3	23	0.0262007
3	24	0.0282022
3	25	0.01332
3	26	0.026819
3	27	0.0335507
3	28	0.0250374
3	29	0.0464718
3	30	0.0471636
3	31	0.0319161
3	32	0.0306049
3	33	0.0702874
3	34	0.0403152
3	35	0.0290752
3	36	0.00978757
3	37	0.02618
3	38	0.0203512
3	39	0.0260841
3	40	0.00907492
3	41	0.0115354
3	42	0.0285449
3	43	0.0367291
3	44	0.0337402
3	45	0.0370315
3	46	0.0190068
3	47	0.0154337
3	48	0.00644908
3	49	0.0253454
3	50	0.0292136
3	51	0.0241346
3	52	0.0413923
3	53	0.0221917
3	54	0.0291806
3	55	0.0339363
3	56	0.02583
3	57	0.0314223
3	58	0.0238675
3	59	0.0186084
3	60	0.017199
3	61	0.0218607
3	62	0.0138886
3	63	0.0193668
3	64	0.0211682
3	65	0.00898064
3	66	0.0355608
3	67	0.0119313
3	68	0.00561972
3	69	0.0333772
3	70	0.0265695
3	71	0.031509
3	72	0.0279336
3	73	0.0167596
3	74	0.0134002
3	75	0.0127922
3	76	0.0292771
3	77	0.028833
3	78	0.0263818
3	79	0.0181152
3	80	0.0392954
3	81	0.0323133
3	82	0.0219384
3	83	0.0358143
3	84	0.0272289
3	85	0.0368865
3	86	0.0326496
3	87	0.0457757
3	88	0.0478142
3	89	0.0253485
3	90	0.034919
3	91	0.0176614
3	92	0.0285971
3	93	0.0241621
3	94	0.0465505
3	95	0.0416201
3	96	0.0389669
3	97	0.0358023
3	98	0.0313977
3	99	0.0219908
3	100	0.0363948
3	101	0.0195396
3	102	0.0354372
3	103	0.0317574
3	104	0.0311835
3	105	0.0433276
3	106	0.0375989
3	107	0.0232969
3	108	0.0361134
3	109	0.0334086
3	110	0.0320134
3	111	0.0339916
3	112	0.0394031
3	113	0.012875
3	114	0.0217377
3	115	0.0401114
3	116	0.0155364
3	117	0.0222337
3	118	0.0230985
3	119	0.0278802
3	120	0.0127488
3	121	0.0374077
3	122	0.0286505
3	123	0.0330762
3	124	0.0312695
3	125	0.0182655
3	126	0.036118
3	127	0.0384254
3	128	0.0297682
3	129	0.0477957
3	130	0.0439225
3	131	0.0449975
3	132	0.0204835
3	133	0.0463498
3	134	0.0450995
3	135	0.0364315
3	136	0.0290006
3	137	0.0247316
3	138	0.0147127
4	1	0.0341071
4	2	0.0138566
4	3	0.0269606
4	4	0.00968383
4	5	0.0424188
4	6	0.0205695
4	7	0.0288478
4	8	0.0307581
4	9	0.0365353
4	10	0.0280768
4	11	0.0243203
4	12	0.013553
4	13	0.00940225
4	14	0.0299597
4	15	0.0283221
4	16	0.0241111
4	17	0.0124438
4	18	0.0224223
4	19	0.0279425
4	20	0.0141223
4	21	0.0137821
4	22	0.0270747
4	23	0.0198861
4	24	0.0214543
4	25	0.010158
4	26	0.0203464
4	27	0.025435
4	28	0.0190361
4	29	0.0351462
4	30	0.0355649
4	31	0.0242463
4	32	0.0232401
4	33	0.0529651
4	34	0.0304347
4	35	0.0220828
4	36	0.00754979
4	37	0.0198588
4	38	0.0155037
4	39	0.0197639
4	40	0.00691526
4	41	0.00873706
4	42	0.0216211
4	43	0.0277989
4	44	0.0255397
4	45	0.0280032
4	46	0.0144553
4	47	0.0116994
4	48	0.0049116
4	49	0.0191902
4	50	0.0221214
4	51	0.0182018
4	52	0.0312699
4	53	0.0168538
4	54	0.0220827
4	55	0.0256832
4	56	0.0195165
4	57	0.0237878
4	58	0.0180093
4	59	0.0141287
4	60	0.0130802
4	61	0.0165633
4	62	0.0104609
4	63	0.0145811
4	64	0.015919
4	65	0.00680935
4	66	0.0269167
4	67	0.00904303
4	68	0.00425862
4	69	0.0252568
4	70	0.0201744
4	71	0.0238704
4	72	0.021168
4	73	0.0127405
4	74	0.01021
4	75	0.00968256
4	76	0.0221841
4	77	0.0218251
4	78	0.0200104
4	79	0.0138679
4	80	0.0297557
4	81	0.0244545
4	82	0.0166498
4	83	0.0271013
4	84	0.0205685
4	85	0.0277789
4	86	0.0247354
4	87	0.0345192
4	88	0.0361413
4	89	0.0193392
4	90	0.0264694
4	91	0.01345
4	92	0.0218152
4	93	0.0184532
4	94	0.035163
4	95	0.0313576
4	96	0.0293638
4	97	0.0271676
4	98	0.0238138
4	99	0.0166325
4	100	0.0275018
4	101	0.0148349
4	102	0.02679
4	103	0.0240887
4	104	0.0235951
4	105	0.032764
4	106	0.0283304
4	107	0.0176412
4	108	0.0273162
4	109	0.0252412
4	110	0.0242681
4	111	0.0257426
4	112	0.0297958
4	113	0.00979419
4	114	0.0165542
4	115	0.0303734
4	116	0.011913
4	117	0.0169453
4	118	0.0175018
4	119	0.0210621
4	120	0.00972961
4	121	0.0283001
4	122	0.0217067
4	123	0.0251451
4	124	0.0236434
4	125	0.0138777
4	126	0.0273143
4	127	0.0291127
4	128	0.022512
4	129	0.0360446
4	130	0.0331421
4	131	0.0339745
4	132	0.0155226
4	133	0.0351138
4	134	0.0340569
4	135	0.0275979
4	136	0.0220481
4	137	0.0187725
4	138	0.0112081
5	1	0.0712047
5	2	0.0282864
5	3	0.056201
5	4	0.0424188
5	5	0.0432567
5	6	0.0427109
5	7	0.0601589
5	8	0.0644798
5	9	0.076401
5	10	0.0584669
5	11	0.0508388
5	12	0.0280553
5	13	0.0193249
5	14	0.0629222
5	15	0.0591826
5	16	0.0503732
5	17	0.0257346
5	18	0.0464016
5	19	0.0583253
5	20	0.0293281
5	21	0.0284207
5	22	0.0563843
5	23	0.0413194
5	24	0.0443528
5	25	0.0208734
5	26	0.0421751
5	27	0.0529634
5	28	0.0394619
5	29	0.073401
5	30	0.0746428
5	31	0.0501763
5	32	0.0482291
5	33	0.111092
5	34	0.0636699
5	35	0.045664
5	36	0.0152247
5	37	0.0411578
5	38	0.031938
5	39	0.0410681
5	40	0.0142676
5	41	0.018179
5	42	0.0449968
5	43	0.0579051
5	44	0.0531589
5	45	0.0585963
5	46	0.0299332
5	47	0.0243323
5	48	0.0101374
5	49	0.0399417
5	50	0.0460748
5	51	0.0381631
5	52	0.0653998
5	53	0.0349297
5	54	0.0460904
5	55	0.053485
5	56	0.0407057
5	57	0.0496022
5	58	0.0377042
5	59	0.0292845
5	60	0.0269951
5	61	0.0344475
5	62	0.0219238
5	63	0.0306179
5	64	0.033563
5	65	0.0141353
5	66	0.0560528
5	67	0.0187944
5	68	0.00888199
5	69	0.0525505
5	70	0.0417279
5	71	0.0495547
5	72	0.0440614
5	73	0.0263446
5	74	0.0210423
5	75	0.0201989
5	76	0.0461195
5	77	0.0455179
5	78	0.0415272
5	79	0.028366
5	80	0.0620102
5	81	0.0510055
5	82	0.034575
5	83	0.0564468
5	84	0.043106
5	85	0.058376
5	86	0.0515651
5	87	0.0725047
5	88	0.0754135
5	89	0.0397794
5	90	0.0550138
5	91	0.0277168
5	92	0.0449421
5	93	0.0378715
5	94	0.0736156
5	95	0.0659995
5	96	0.0616666
5	97	0.0565301
5	98	0.0495764
5	99	0.0347586
5	100	0.0575316
5	101	0.0308194
5	102	0.0561239
5	103	0.0499807
5	104	0.0492104
5	105	0.0684412
5	106	0.0596884
5	107	0.0368898
5	108	0.057093
5	109	0.0529502
5	110	0.0505083
5	111	0.0538015
5	112	0.0622734
5	113	0.0202542
5	114	0.0342545
5	115	0.0633017
5	116	0.0242969
5	117	0.0349713
5	118	0.0365583
5	119	0.0440722
5	120	0.0200096
5	121	0.0589936
5	122	0.0453133
5	123	0.0520914
5	124	0.0492737
5	125	0.0287854
5	126	0.0569164
5	127	0.0606451
5	128	0.0469689
5	129	0.0754744
5	130	0.0691896
5	131	0.0710784
5	132	0.0321784
5	133	0.0730047
5	134	0.0711319
5	135	0.057289
5	136	0.0455127
5	137	0.0388477
5	138	0.0230572
6	1	0.034324
6	2	0.0142364
6	3	0.0271069
6	4	0.0205695
6	5	0.0427109
6	6	0.00990066
6	7	0.0291882
6	8	0.0311087
6	9	0.0367062
6	10	0.0284069
6	11	0.0246895
6	12	0.0137272
6	13	0.00954685
6	14	0.0301731
6	15	0.0283729
6	16	0.0242665
6	17	0.0126072
6	18	0.022612
6	19	0.02811
6	20	0.0143327
6	21	0.0139638
6	22	0.0273638
6	23	0.0201695
6	24	0.0218193
6	25	0.0103564
6	26	0.0205928
6	27	0.0259442
6	28	0.0192722
6	29	0.0353353
6	30	0.0357181
6	31	0.0246166
6	32	0.0231858
6	33	0.0529515
6	34	0.0307201
6	35	0.0222644
6	36	0.00779398
6	37	0.0201411
6	38	0.0157419
6	39	0.0199388
6	40	0.00695747
6	41	0.0088005
6	42	0.0219391
6	43	0.0281871
6	44	0.0257488
6	45	0.028418
6	46	0.0146502
6	47	0.0117386
6	48	0.00494643
6	49	0.0194509
6	50	0.0222426
6	51	0.0183853
6	52	0.0314335
6	53	0.0172149
6	54	0.0222867
6	55	0.0257421
6	56	0.0196784
6	57	0.0241433
6	58	0.0181757
6	59	0.0142747
6	60	0.0132711
6	61	0.0168265
6	62	0.0105257
6	63	0.0145586
6	64	0.0160149
6	65	0.00684837
6	66	0.0271561
6	67	0.00917964
6	68	0.00425102
6	69	0.0253266
6	70	0.020226
6	71	0.023991
6	72	0.0214425
6	73	0.0129901
6	74	0.0102052
6	75	0.00984582
6	76	0.0224559
6	77	0.0220328
6	78	0.020244
6	79	0.0142272
6	80	0.0299734
6	81	0.0247118
6	82	0.0167672
6	83	0.0273455
6	84	0.0206695
6	85	0.0280005
6	86	0.0252372
6	87	0.034749
6	88	0.03629
6	89	0.0195636
6	90	0.0267853
6	91	0.0135951
6	92	0.0219976
6	93	0.0188866
6	94	0.035594
6	95	0.0317535
6	96	0.02964
6	97	0.027603
6	98	0.0242422
6	99	0.0168896
6	100	0.0279049
6	101	0.0151347
6	102	0.0273433
6	103	0.0242179
6	104	0.0238409
6	105	0.0331232
6	106	0.0287713
6	107	0.0179577
6	108	0.0276925
6	109	0.0256686
6	110	0.0248104
6	111	0.0261289
6	112	0.0301961
6	113	0.00999227
6	114	0.0168783
6	115	0.0305766
6	116	0.0122746
6	117	0.0172324
6	118	0.0178689
6	119	0.0213598
6	120	0.00996398
6	121	0.0287049
6	122	0.0221438
6	123	0.025393
6	124	0.0237392
6	125	0.0142337
6	126	0.0276208
6	127	0.0291457
6	128	0.0228016
6	129	0.0361274
6	130	0.0332086
6	131	0.034047
6	132	0.0155262
6	133	0.0349604
6	134	0.0341447
6	135	0.0277418
6	136	0.0222537
6	137	0.0190273
6	138	0.011343
7	1	0.0483411
7	2	0.0196979
7	3	0.0380981
7	4	0.0288478
7	5	0.0601589
7	6	0.0291882
7	7	0.0198157
7	8	0.0438817
7	9	0.05184
7	10	0.0398469
7	11	0.0345645
7	12	0.0192193
7	13	0.0131971
7	14	0.0424927
7	15	0.0400875
7	16	0.0341009
7	17	0.0177631
7	18	0.0316583
7	19	0.0394754
7	20	0.0201966
7	21	0.0194583
7	22	0.0381216
7	23	0.0281498
7	24	0.03036
7	25	0.0142791
7	26	0.0287202
7	27	0.0363627
7	28	0.0270067
7	29	0.0499803
7	30	0.0505944
7	31	0.0341609
7	32	0.0329908
7	33	0.0748076
7	34	0.0430356
7	35	0.0308209
7	36	0.0106593
7	37	0.027933
7	38	0.0217823
7	39	0.0280689
7	40	0.00978565
7	41	0.0124186
7	42	0.0306749
7	43	0.0391844
7	44	0.0363971
7	45	0.0400783
7	46	0.0204658
7	47	0.0165407
7	48	0.00694161
7	49	0.0270397
7	50	0.0312594
7	51	0.0257351
7	52	0.0442613
7	53	0.0239313
7	54	0.0312436
7	55	0.0360764
7	56	0.0273468
7	57	0.0337514
7	58	0.0254619
7	59	0.0199675
7	60	0.0183182
7	61	0.0233683
7	62	0.0148117
7	63	0.0206198
7	64	0.0225881
7	65	0.00957813
7	66	0.0379967
7	67	0.0126868
7	68	0.00603482
7	69	0.0354478
7	70	0.0282756
7	71	0.0337248
7	72	0.0299945
7	73	0.0180104
7	74	0.0143577
7	75	0.0137701
7	76	0.0313385
7	77	0.0309073
7	78	0.0282019
7	79	0.0197833
7	80	0.042215
7	81	0.0348244
7	82	0.023522
7	83	0.0383196
7	84	0.029251
7	85	0.0393694
7	86	0.0353468
7	87	0.0490903
7	88	0.0509244
7	89	0.027225
7	90	0.0373903
7	91	0.0189032
7	92	0.030885
7	93	0.0261271
7	94	0.0501553
7	95	0.044859
7	96	0.0418032
7	97	0.0388143
7	98	0.0341452
7	99	0.0238014
7	100	0.0392181
7	101	0.0212337
7	102	0.0384646
7	103	0.0339865
7	104	0.0334973
7	105	0.0465822
7	106	0.0406898
7	107	0.0254335
7	108	0.0391321
7	109	0.0362878
7	110	0.034614
7	111	0.0369333
7	112	0.042429
7	113	0.0139002
7	114	0.0236695
7	115	0.0430404
7	116	0.0170118
7	117	0.0240675
7	118	0.0252341
7	119	0.0302011
7	120	0.013875
7	121	0.0401865
7	122	0.0312412
7	123	0.0355612
7	124	0.0333832
7	125	0.0197963
7	126	0.0385592
7	127	0.0413433
7	128	0.0319494
7	129	0.0510436
7	130	0.046541
7	131	0.0478521
7	132	0.0217834
7	133	0.0493133
7	134	0.0478146
7	135	0.0385608
7	136	0.0308594
7	137	0.0265749
7	138	0.0157418
8	1	0.051673
8	2	0.0207087
8	3	0.0407507
8	4	0.0307581
8	5	0.0644798
8	6	0.0311087
8	7	0.0438817
8	8	0.0226289
8	9	0.0554334
8	10	0.0425216
8	11	0.0369667
8	12	0.020405
8	13	0.0140203
8	14	0.0456326
8	15	0.0428847
8	16	0.0365218
8	17	0.018818
8	18	0.0336604
8	19	0.0422385
8	20	0.0214515
8	21	0.0206611
8	22	0.0408444
8	23	0.0300695
8	24	0.0322651
8	25	0.0151515
8	26	0.0305694
8	27	0.0387018
8	28	0.028775
8	29	0.0533679
8	30	0.0541779
8	31	0.0364013
8	32	0.0351153
8	33	0.0803729
8	34	0.0461546
8	35	0.0329653
8	36	0.011128
8	37	0.029826
8	38	0.0231638
8	39	0.0298671
8	40	0.010386
8	41	0.0132348
8	42	0.0327235
8	43	0.0419808
8	44	0.0387044
8	45	0.0427821
8	46	0.0217893
8	47	0.0176553
8	48	0.00737089
8	49	0.0289573
8	50	0.0334272
8	51	0.0276494
8	52	0.0473858
8	53	0.0254556
8	54	0.0334346
8	55	0.0386788
8	56	0.0293847
8	57	0.0360878
8	58	0.0273121
8	59	0.0212715
8	60	0.0195344
8	61	0.0249872
8	62	0.0158796
8	63	0.0221307
8	64	0.0243078
8	65	0.01022
8	66	0.0406281
8	67	0.013607
8	68	0.00646323
8	69	0.0379334
8	70	0.0301545
8	71	0.0359426
8	72	0.0320313
8	73	0.0191487
8	74	0.0152673
8	75	0.0147177
8	76	0.03349
8	77	0.0330561
8	78	0.0300814
8	79	0.0207689
8	80	0.0451004
8	81	0.0371283
8	82	0.0250954
8	83	0.0409147
8	84	0.0313285
8	85	0.0422828
8	86	0.0376728
8	87	0.05271
8	88	0.0545776
8	89	0.0288928
8	90	0.0399089
8	91	0.0200708
8	92	0.0327348
8	93	0.0276248
8	94	0.0536156
8	95	0.0480746
8	96	0.0447627
8	97	0.0412958
8	98	0.0362631
8	99	0.0253681
8	100	0.0419058
8	101	0.0225499
8	102	0.0410496
8	103	0.0362432
8	104	0.0357781
8	105	0.0497768
8	106	0.0435933
8	107	0.0270623
8	108	0.0416701
8	109	0.0387216
8	110	0.0368797
8	111	0.0393594
8	112	0.0453449
8	113	0.0147537
8	114	0.0250895
8	115	0.0460081
8	116	0.017828
8	117	0.0255069
8	118	0.0268408
8	119	0.0321769
8	120	0.014646
8	121	0.042894
8	122	0.0332233
8	123	0.0378827
8	124	0.0357167
8	125	0.021051
8	126	0.0412412
8	127	0.0441141
8	128	0.0341492
8	129	0.0546824
8	130	0.0499465
8	131	0.0514042
8	132	0.023249
8	133	0.0527668
8	134	0.0513769
8	135	0.0413439
8	136	0.0328848
8	137	0.0282234
8	138	0.0167084
9	1	0.0612889
9	2	0.0244031
9	3	0.0483732
9	4	0.0365353
9	5	0.076401
9	6	0.0367062
9	7	0.05184
9	8	0.0554334
9	9	0.031927
9	10	0.0503071
9	11	0.0436598
9	12	0.0241732
9	13	0.0166248
9	14	0.0540435
9	15	0.0509726
9	16	0.0433157
9	17	0.0222436
9	18	0.0399858
9	19	0.0501452
9	20	0.025305
9	21	0.0244845
9	22	0.0483915
9	23	0.0355165
9	24	0.0381609
9	25	0.0179459
9	26	0.0362849
9	27	0.0455526
9	28	0.0340104
9	29	0.0632796
9	30	0.0642549
9	31	0.0431152
9	32	0.0417595
9	33	0.0955346
9	34	0.0546487
9	35	0.0392161
9	36	0.0131432
9	37	0.0353329
9	38	0.0274571
9	39	0.0353973
9	40	0.0123278
9	41	0.0156793
9	42	0.0386708
9	43	0.0496665
9	44	0.0458614
9	45	0.0504284
9	46	0.0257744
9	47	0.0209706
9	48	0.00875256
9	49	0.0342752
9	50	0.0396654
9	51	0.0327207
9	52	0.0562601
9	53	0.0300037
9	54	0.0396178
9	55	0.0460182
9	56	0.0348782
9	57	0.0426155
9	58	0.0323509
9	59	0.0252188
9	60	0.0231748
9	61	0.029551
9	62	0.0188328
9	63	0.0263403
9	64	0.0287968
9	65	0.0121609
9	66	0.0481652
9	67	0.0160967
9	68	0.00767076
9	69	0.0451865
9	70	0.0359504
9	71	0.0427132
9	72	0.0378816
9	73	0.0226354
9	74	0.0182021
9	75	0.0173513
9	76	0.039632
9	77	0.0391395
9	78	0.0356967
9	79	0.0244926
9	80	0.0534121
9	81	0.0439283
9	82	0.0297865
9	83	0.0485333
9	84	0.0371161
9	85	0.0500949
9	86	0.0443284
9	87	0.0623342
9	88	0.064855
9	89	0.0343021
9	90	0.0472914
9	91	0.0238611
9	92	0.0388534
9	93	0.0326126
9	94	0.063321
9	95	0.056701
9	96	0.0529825
9	97	0.0487018
9	98	0.0427268
9	99	0.0299133
9	100	0.0494476
9	101	0.0265426
9	102	0.0482376
9	103	0.0430691
9	104	0.0423326
9	105	0.0588652
9	106	0.0512892
9	107	0.0318066
9	108	0.0491796
9	109	0.0455728
9	110	0.0433974
9	111	0.046347
9	112	0.0535417
9	113	0.017424
9	114	0.0295473
9	115	0.0545258
9	116	0.0209924
9	117	0.0301535
9	118	0.0314907
9	119	0.0379489
9	120	0.0172581
9	121	0.0507016
9	122	0.039044
9	123	0.0448907
9	124	0.0424173
9	125	0.0247208
9	126	0.0488406
9	127	0.0523869
9	128	0.0403825
9	129	0.0649327
9	130	0.0594458
9	131	0.0610885
9	132	0.0277278
9	133	0.0629617
9	134	0.0611045
9	135	0.0491881
9	136	0.0391305
9	137	0.0334433
9	138	0.0198503
10	1	0.0469554
10	2	0.0191138
10	3	0.037044
10	4	0.0280768
10	5	0.0584669
10	6	0.0284069
10	7	0.0398469
10	8	0.0425216
10	9	0.0503071
10	10	0.0185777
10	11	0.0336171
10	12	0.0186636
10	13	0.0128958
10	14	0.0413452
10	15	0.0389412
10	16	0.0331868
10	17	0.0171589
10	18	0.0308091
10	19	0.038453
10	20	0.0195162
10	21	0.0189455
10	22	0.0372443
10	23	0.0273956
10	24	0.0295622
10	25	0.0139713
10	26	0.0279927
10	27	0.0352197
10	28	0.0262054
10	29	0.0484116
10	30	0.0490192
10	31	0.0333654
10	32	0.0318394
10	33	0.0727853
10	34	0.041961
10	35	0.0302381
10	36	0.0103812
10	37	0.0273171
10	38	0.0213047
10	39	0.0272188
10	40	0.00947943
10	41	0.0120327
10	42	0.029837
10	43	0.0383063
10	44	0.035214
10	45	0.0387629
10	46	0.019891
10	47	0.0160625
10	48	0.00673625
10	49	0.0264185
10	50	0.0303982
10	51	0.0251071
10	52	0.0430377
10	53	0.0232807
10	54	0.0304062
10	55	0.0352046
10	56	0.026806
10	57	0.0328373
10	58	0.0248281
10	59	0.0194273
10	60	0.0179631
10	61	0.0228269
10	62	0.0144275
10	63	0.0200431
10	64	0.021983
10	65	0.00934737
10	66	0.0370334
10	67	0.0124373
10	68	0.00583347
10	69	0.0346366
10	70	0.027609
10	71	0.0327907
10	72	0.0291923
10	73	0.0175655
10	74	0.0139374
10	75	0.0133758
10	76	0.030546
10	77	0.030047
10	78	0.0275289
10	79	0.0191559
10	80	0.0409515
10	81	0.0337417
10	82	0.0228834
10	83	0.0373051
10	84	0.0283398
10	85	0.0383426
10	86	0.0342578
10	87	0.047634
10	88	0.0496234
10	89	0.026517
10	90	0.0364382
10	91	0.0184506
10	92	0.029912
10	93	0.0254426
10	94	0.0485995
10	95	0.0434515
10	96	0.0405788
10	97	0.0375614
10	98	0.0329825
10	99	0.0230369
10	100	0.0380563
10	101	0.0205312
10	102	0.0372088
10	103	0.0330731
10	104	0.0325421
10	105	0.0452175
10	106	0.0393483
10	107	0.0244747
10	108	0.0378274
10	109	0.0350297
10	110	0.0335987
10	111	0.035644
10	112	0.0411594
10	113	0.0135222
10	114	0.0228723
10	115	0.0417928
10	116	0.0164575
10	117	0.02334
10	118	0.0243075
10	119	0.0291919
10	120	0.0134355
10	121	0.039059
10	122	0.0301286
10	123	0.0345579
10	124	0.0324925
10	125	0.0192169
10	126	0.0376248
10	127	0.039989
10	128	0.0310738
10	129	0.0496015
10	130	0.0454815
10	131	0.0466577
10	132	0.021242
10	133	0.0479747
10	134	0.0467315
10	135	0.037793
10	136	0.030217
10	137	0.0258664
10	138	0.0153808
11	1	0.0407524
11	2	0.0165179
11	3	0.03218
11	4	0.0243203
11	5	0.0508388
11	6	0.0246895
11	7	0.0345645
11	8	0.0369667
11	9	0.0436598
11	10	0.0336171
11	11	0.01395
11	12	0.0161586
11	13	0.0111837
11	14	0.0359837
11	15	0.033777
11	16	0.0288453
11	17	0.0148428
11	18	0.0266716
11	19	0.0333955
11	20	0.0169017
11	21	0.0164175
11	22	0.0324076
11	23	0.0238279
11	24	0.0256469
11	25	0.0121172
11	26	0.0242852
11	27	0.0305982
11	28	0.0227407
11	29	0.0419931
11	30	0.04259
11	31	0.0289867
11	32	0.0275018
11	33	0.0632568
11	34	0.036507
11	35	0.0262818
11	36	0.00895487
11	37	0.0237515
11	38	0.0184802
11	39	0.0235709
11	40	0.00819642
11	41	0.0104236
11	42	0.025918
11	43	0.0333629
11	44	0.0304662
11	45	0.0336987
11	46	0.0172585
11	47	0.0139222
11	48	0.00582886
11	49	0.0230137
11	50	0.0263899
11	51	0.0218828
11	52	0.0374078
11	53	0.0202381
11	54	0.0264385
11	55	0.0305903
11	56	0.0233664
11	57	0.0285754
11	58	0.0216159
11	59	0.0168454
11	60	0.0156109
11	61	0.0198777
11	62	0.0125355
11	63	0.0174062
11	64	0.0191578
11	65	0.0081048
11	66	0.0321749
11	67	0.0108408
11	68	0.00506027
11	69	0.0300671
11	70	0.0239139
11	71	0.0283984
11	72	0.0253644
11	73	0.0152545
11	74	0.012051
11	75	0.0116426
11	76	0.0265568
11	77	0.026116
11	78	0.0239107
11	79	0.0165283
11	80	0.0355427
11	81	0.0292813
11	82	0.0198487
11	83	0.0323954
11	84	0.0246271
11	85	0.0334033
11	86	0.0297953
11	87	0.0414487
11	88	0.0431279
11	89	0.0229657
11	90	0.0316689
11	91	0.0159877
11	92	0.0258643
11	93	0.0220432
11	94	0.0422527
11	95	0.0378381
11	96	0.0352911
11	97	0.0325915
11	98	0.028592
11	99	0.0199939
11	100	0.0330841
11	101	0.0178199
11	102	0.0323752
11	103	0.0286613
11	104	0.0282493
11	105	0.039285
11	106	0.034273
11	107	0.0212455
11	108	0.0328085
11	109	0.0304546
11	110	0.0292336
11	111	0.0309396
11	112	0.0358032
11	113	0.0117298
11	114	0.0198204
11	115	0.0362767
11	116	0.014211
11	117	0.0202217
11	118	0.021108
11	119	0.0253128
11	120	0.0116315
11	121	0.0339471
11	122	0.0261566
11	123	0.0299595
11	124	0.0281827
11	125	0.0167054
11	126	0.0326974
11	127	0.0346323
11	128	0.0270185
11	129	0.0430514
11	130	0.0395105
11	131	0.0405799
11	132	0.0184
11	133	0.0415782
11	134	0.0406627
11	135	0.0328643
11	136	0.0262124
11	137	0.0223942
11	138	0.0133091
12	1	0.0225854
12	2	0.00937859
12	3	0.0178414
12	4	0.013553
12	5	0.0280553
12	6	0.0137272
12	7	0.0192193
12	8	0.020405
12	9	0.0241732
12	10	0.0186636
12	11	0.0161586
12	12	0.00416731
12	13	0.00626797
12	14	0.0197716
12	15	0.0186996
12	16	0.0159352
12	17	0.00833823
12	18	0.0149105
12	19	0.0184668
12	20	0.00944754
12	21	0.0091969
12	22	0.0179059
12	23	0.013222
12	24	0.0143361
12	25	0.00679263
12	26	0.0135306
12	27	0.0170112
12	28	0.0126798
12	29	0.0233104
12	30	0.0235178
12	31	0.0161341
12	32	0.0154085
12	33	0.034823
12	34	0.0201152
12	35	0.0145871
12	36	0.00513795
12	37	0.0131834
12	38	0.010327
12	39	0.0131477
12	40	0.00460582
12	41	0.00580202
12	42	0.0143878
12	43	0.0184074
12	44	0.0170014
12	45	0.0186687
12	46	0.0096356
12	47	0.00774472
12	48	0.00327098
12	49	0.0127085
12	50	0.0146365
12	51	0.0120214
12	52	0.02067
12	53	0.0112756
12	54	0.0146229
12	55	0.0169264
12	56	0.0128519
12	57	0.0158136
12	58	0.0119014
12	59	0.00939554
12	60	0.008688
12	61	0.010996
12	62	0.00690313
12	63	0.0095871
12	64	0.0104889
12	65	0.00450863
12	66	0.0178223
12	67	0.00597922
12	68	0.00281115
12	69	0.0166528
12	70	0.0133391
12	71	0.0158197
12	72	0.0140678
12	73	0.00850931
12	74	0.00676773
12	75	0.00644632
12	76	0.0147215
12	77	0.0144686
12	78	0.0132883
12	79	0.00939031
12	80	0.0197336
12	81	0.0162797
12	82	0.0110474
12	83	0.0179672
12	84	0.0136067
12	85	0.0183412
12	86	0.0165342
12	87	0.0228049
12	88	0.023849
12	89	0.0128898
12	90	0.0175774
12	91	0.008952
12	92	0.014564
12	93	0.0124052
12	94	0.0233703
12	95	0.0208171
12	96	0.0194563
12	97	0.0181689
12	98	0.0159627
12	99	0.0110988
12	100	0.0182993
12	101	0.00995039
12	102	0.0179131
12	103	0.0159674
12	104	0.0156595
12	105	0.0217533
12	106	0.0188465
12	107	0.0118302
12	108	0.0182348
12	109	0.0168659
12	110	0.0162315
12	111	0.0171965
12	112	0.0198144
12	113	0.00656125
12	114	0.0111276
12	115	0.0201201
12	116	0.00810875
12	117	0.0113523
12	118	0.0117454
12	119	0.0140611
12	120	0.00656452
12	121	0.0188095
12	122	0.0145617
12	123	0.0167276
12	124	0.0156243
12	125	0.0093136
12	126	0.0180883
12	127	0.019285
12	128	0.014952
12	129	0.0237772
12	130	0.0217911
12	131	0.0223614
12	132	0.010245
12	133	0.0231077
12	134	0.0223994
12	135	0.0181727
12	136	0.0146169
12	137	0.0125063
12	138	0.0074616
13	1	0.0155783
13	2	0.00656648
13	3	0.0123331
13	4	0.00940225
13	5	0.0193249
13	6	0.00954685
13	7	0.0131971
13	8	0.0140203
13	9	0.0166248
13	10	0.0128958
13	11	0.0111837
13	12	0.00626797
13	13	0.00195574
13	14	0.013627
13	15	0.0128843
13	16	0.0110222
13	17	0.00572464
13	18	0.0103683
13	19	0.0127776
13	20	0.00648331
13	21	0.00640911
13	22	0.0124892
13	23	0.00918313
13	24	0.0099833
13	25	0.00477239
13	26	0.00942892
13	27	0.0117428
13	28	0.00876319
13	29	0.0159912
13	30	0.0161104
13	31	0.0112853
13	32	0.0105286
13	33	0.0239964
13	34	0.0139461
13	35	0.0102665
13	36	0.00363313
13	37	0.00924038
13	38	0.0072537
13	39	0.00907231
13	40	0.0031814
13	41	0.0039942
13	42	0.00998046
13	43	0.0128596
13	44	0.0116712
13	45	0.0128009
13	46	0.00668505
13	47	0.00534087
13	48	0.00226352
13	49	0.00888213
13	50	0.0101144
13	51	0.00833695
13	52	0.0142597
13	53	0.0078582
13	54	0.0101142
13	55	0.0117456
13	56	0.00900204
13	57	0.0109614
13	58	0.00824836
13	59	0.00651898
13	60	0.00611504
13	61	0.00767868
13	62	0.00477006
13	63	0.00659
13	64	0.0072055
13	65	0.00313639
13	66	0.0123812
13	67	0.00420268
13	68	0.00191899
13	69	0.0115903
13	70	0.00929664
13	71	0.0109506
13	72	0.00974808
13	73	0.00594348
13	74	0.00468413
13	75	0.00446227
13	76	0.010241
13	77	0.0100047
13	78	0.0092592
13	79	0.00652323
13	80	0.0135996
13	81	0.0111983
13	82	0.00763853
13	83	0.0124614
13	84	0.0093225
13	85	0.0126481
13	86	0.011411
13	87	0.0156438
13	88	0.0165145
13	89	0.00899368
13	90	0.0122246
13	91	0.00626506
13	92	0.0100685
13	93	0.00869433
13	94	0.0160608
13	95	0.014248
13	96	0.0133724
13	97	0.0124926
13	98	0.0109505
13	99	0.00762355
13	100	0.0126069
13	101	0.00685145
13	102	0.0122809
13	103	0.0110649
13	104	0.0108196
13	105	0.0150034
13	106	0.0128673
13	107	0.00805419
13	108	0.0124823
13	109	0.0115077
13	110	0.0112485
13	111	0.0117531
13	112	0.0136567
13	113	0.00456566
13	114	0.0076569
13	115	0.0138765
13	116	0.00564636
13	117	0.00786221
13	118	0.00802235
13	119	0.00961402
13	120	0.00455788
13	121	0.0130409
13	122	0.00995606
13	123	0.0115817
13	124	0.0108084
13	125	0.00646788
13	126	0.0125949
13	127	0.0132098
13	128	0.0103454
13	129	0.0163734
13	130	0.0151585
13	131	0.0154649
13	132	0.00712592
13	133	0.01597
13	134	0.015572
13	135	0.0127398
13	136	0.0102631
13	137	0.00870225
13	138	0.00523262
14	1	0.0503723
14	2	0.019834
14	3	0.0397648
14	4	0.0299597
14	5	0.0629222
14	6	0.0301731
14	7	0.0424927
14	8	0.0456326
14	9	0.0540435
14	10	0.0413452
14	11	0.0359837
14	12	0.0197716
14	13	0.013627
14	14	0.0214784
14	15	0.0418544
14	16	0.0356687
14	17	0.0181428
14	18	0.0327066
14	19	0.0412881
14	20	0.020699
14	21	0.0200491
14	22	0.0399197
14	23	0.0292202
14	24	0.0312922
14	25	0.014723
14	26	0.02977
14	27	0.0373959
14	28	0.0279056
14	29	0.0519032
14	30	0.0528346
14	31	0.0354456
14	32	0.0340531
14	33	0.0787259
14	34	0.0450923
14	35	0.0322978
14	36	0.0106509
14	37	0.0290927
14	38	0.0225448
14	39	0.0289673
14	40	0.0100607
14	41	0.0128449
14	42	0.0317838
14	43	0.0410222
14	44	0.0374916
14	45	0.0414194
14	46	0.0211403
14	47	0.0172146
14	48	0.00714763
14	49	0.0282818
14	50	0.0326172
14	51	0.0270565
14	52	0.0462854
14	53	0.0246482
14	54	0.0326326
14	55	0.0379008
14	56	0.028852
14	57	0.0350864
14	58	0.0267101
14	59	0.0206824
14	60	0.0190743
14	61	0.024372
14	62	0.0155225
14	63	0.0216813
14	64	0.0238241
14	65	0.00998888
14	66	0.0396376
14	67	0.0133153
14	68	0.00629873
14	69	0.0371948
14	70	0.0294795
14	71	0.0350066
14	72	0.0311685
14	73	0.0186008
14	74	0.0148571
14	75	0.0142866
14	76	0.0326399
14	77	0.032211
14	78	0.0293506
14	79	0.0199018
14	80	0.0438521
14	81	0.0360308
14	82	0.0244566
14	83	0.0398879
14	84	0.0305389
14	85	0.0414035
14	86	0.0364425
14	87	0.0514221
14	88	0.0534004
14	89	0.0280786
14	90	0.0388799
14	91	0.0195431
14	92	0.0316793
14	93	0.0266435
14	94	0.0520689
14	95	0.0467511
14	96	0.043644
14	97	0.0399113
14	98	0.0349581
14	99	0.0245507
14	100	0.0406942
14	101	0.0217418
14	102	0.0396952
14	103	0.035315
14	104	0.0347916
14	105	0.048383
14	106	0.0422849
14	107	0.026053
14	108	0.0403152
14	109	0.0374311
14	110	0.0356809
14	111	0.0380116
14	112	0.0440532
14	113	0.0142863
14	114	0.0241551
14	115	0.0447916
14	116	0.0170217
14	117	0.0246531
14	118	0.0258021
14	119	0.0311231
14	120	0.0140661
14	121	0.0416803
14	122	0.0319883
14	123	0.0368017
14	124	0.0348602
14	125	0.0203068
14	126	0.0402449
14	127	0.0428783
14	128	0.033232
14	129	0.0534116
14	130	0.048986
14	131	0.05041
14	132	0.022739
14	133	0.0516744
14	134	0.0504534
14	135	0.040579
14	136	0.0321386
14	137	0.0273834
14	138	0.0162619
15	1	0.0474792
15	2	0.0188246
15	3	0.0375014
15	4	0.0283221
15	5	0.0591826
15	6	0.0283729
15	7	0.0400875
15	8	0.0428847
15	9	0.0509726
15	10	0.0389412
15	11	0.033777
15	12	0.0186996
15	13	0.0128843
15	14	0.0418544
15	15	0.0190205
15	16	0.0335785
15	17	0.0172087
15	18	0.0309733
15	19	0.0388811
15	20	0.0195584
15	21	0.0189685
15	22	0.0375037
15	23	0.0274997
15	24	0.0295107
15	25	0.013879
15	26	0.0281012
15	27	0.0351957
15	28	0.026329
15	29	0.0490248
15	30	0.04979
15	31	0.0333924
15	32	0.0324239
15	33	0.0741438
15	34	0.0423258
15	35	0.0304369
15	36	0.0101421
15	37	0.0273795
15	38	0.0212667
15	39	0.0274022
15	40	0.00956084
15	41	0.0121391
15	42	0.0299144
15	43	0.0384619
15	44	0.0354777
15	45	0.0389924
15	46	0.0199506
15	47	0.0162793
15	48	0.00678833
15	49	0.0265546
15	50	0.0307647
15	51	0.0253503
15	52	0.0436248
15	53	0.0231944
15	54	0.0306863
15	55	0.0357196
15	56	0.0270578
15	57	0.0329676
15	58	0.0250573
15	59	0.0195411
15	60	0.017953
15	61	0.0228718
15	62	0.0145891
15	63	0.0204355
15	64	0.0223078
15	65	0.00943185
15	66	0.0373187
15	67	0.012473
15	68	0.00595361
15	69	0.0350724
15	70	0.0279153
15	71	0.0331132
15	72	0.0293262
15	73	0.0175027
15	74	0.0141432
15	75	0.0134154
15	76	0.0307023
15	77	0.0303224
15	78	0.0276526
15	79	0.0188965
15	80	0.041379
15	81	0.0340142
15	82	0.0230972
15	83	0.0376066
15	84	0.0287691
15	85	0.0388079
15	86	0.0342553
15	87	0.048275
15	88	0.0503011
15	89	0.0265971
15	90	0.036625
15	91	0.0185024
15	92	0.0301034
15	93	0.0251815
15	94	0.0489718
15	95	0.0438364
15	96	0.0409988
15	97	0.0376387
15	98	0.0329881
15	99	0.0231057
15	100	0.038232
15	101	0.0205068
15	102	0.0372315
15	103	0.0334001
15	104	0.0327717
15	105	0.0455634
15	106	0.0396216
15	107	0.0245501
15	108	0.0379936
15	109	0.0351897
15	110	0.0335053
15	111	0.0358097
15	112	0.0414195
15	113	0.0134601
15	114	0.0228174
15	115	0.0422576
15	116	0.0161672
15	117	0.0233171
15	118	0.0243053
15	119	0.0293071
15	120	0.0133208
15	121	0.0392202
15	122	0.0301306
15	123	0.0347623
15	124	0.0328909
15	125	0.019087
15	126	0.0378213
15	127	0.0406542
15	128	0.0312416
15	129	0.0503477
15	130	0.0461305
15	131	0.0473961
15	132	0.0215328
15	133	0.0489612
15	134	0.0474445
15	135	0.0381899
15	136	0.0303568
15	137	0.0258718
15	138	0.0153849
16	1	0.0403971
16	2	0.0161177
16	3	0.0319232
16	4	0.0241111
16	5	0.0503732
16	6	0.0242665
16	7	0.0341009
16	8	0.0365218
16	9	0.0433157
16	10	0.0331868
16	11	0.0288453
16	12	0.0159352
16	13	0.0110222
16	14	0.0356687
16	15	0.0335785
16	16	0.0136571
16	17	0.0146122
16	18	0.0263844
16	19	0.0331124
16	20	0.016627
16	21	0.0161816
16	22	0.0320626
16	23	0.0234846
16	24	0.0252182
16	25	0.0119019
16	26	0.0239806
16	27	0.0300407
16	28	0.0224298
16	29	0.0416232
16	30	0.042259
16	31	0.0285567
16	32	0.0273855
16	33	0.063009
16	34	0.0361379
16	35	0.0260508
16	36	0.0087013
16	37	0.0234349
16	38	0.0182034
16	39	0.023325
16	40	0.0081177
16	41	0.0103252
16	42	0.0255525
16	43	0.0329429
16	44	0.0301381
16	45	0.0331795
16	46	0.0170176
16	47	0.0138205
16	48	0.00576577
16	49	0.0227267
16	50	0.0261725
16	51	0.0216554
16	52	0.0370973
16	53	0.0198558
16	54	0.026158
16	55	0.0304214
16	56	0.0231692
16	57	0.0281593
16	58	0.0213991
16	59	0.0166502
16	60	0.015396
16	61	0.0195896
16	62	0.0124388
16	63	0.0173535
16	64	0.0189976
16	65	0.00803492
16	66	0.0318474
16	67	0.0107014
16	68	0.00504048
16	69	0.0298905
16	70	0.0237584
16	71	0.0281728
16	72	0.0250202
16	73	0.0149873
16	74	0.0119944
16	75	0.0114603
16	76	0.0262239
16	77	0.0258327
16	78	0.023614
16	79	0.0161315
16	80	0.0352024
16	81	0.0289179
16	82	0.0196325
16	83	0.0320522
16	84	0.0244251
16	85	0.0330794
16	86	0.0292404
16	87	0.0410648
16	88	0.042842
16	89	0.0226713
16	90	0.0312686
16	91	0.0157843
16	92	0.0255606
16	93	0.0215835
16	94	0.0416981
16	95	0.0373277
16	96	0.0349086
16	97	0.0320444
16	98	0.02808
16	99	0.019682
16	100	0.0325985
16	101	0.0174774
16	102	0.0317476
16	103	0.0284161
16	104	0.027927
16	105	0.0388039
16	106	0.033731
16	107	0.0208576
16	108	0.0323122
16	109	0.0299225
16	110	0.0286635
16	111	0.0304405
16	112	0.0353087
16	113	0.0115091
16	114	0.0194277
16	115	0.035948
16	116	0.0138253
16	117	0.0198777
16	118	0.020685
16	119	0.0249311
16	120	0.0113732
16	121	0.0334933
16	122	0.0256431
16	123	0.0296002
16	124	0.0279894
16	125	0.016338
16	126	0.0323367
16	127	0.034421
16	128	0.0266659
16	129	0.0427995
16	130	0.0393462
16	131	0.0403606
16	132	0.0183185
16	133	0.041512
16	134	0.0404454
16	135	0.0326495
16	136	0.0259407
16	137	0.0220866
16	138	0.0131394
17	1	0.0207534
17	2	0.00867093
17	3	0.0163301
17	4	0.0124438
17	5	0.0257346
17	6	0.0126072
17	7	0.0177631
17	8	0.018818
17	9	0.0222436
17	10	0.0171589
17	11	0.0148428
17	12	0.00833823
17	13	0.00572464
17	14	0.0181428
17	15	0.0172087
17	16	0.0146122
17	17	0.00353107
17	18	0.0137237
17	19	0.0169469
17	20	0.00875012
17	21	0.00844706
17	22	0.0163533
17	23	0.0121256
17	24	0.0131656
17	25	0.00621087
17	26	0.0124255
17	27	0.0157263
17	28	0.0116423
17	29	0.0214805
17	30	0.0216463
17	31	0.0147697
17	32	0.0142198
17	33	0.0319127
17	34	0.0184308
17	35	0.0132776
17	36	0.00473749
17	37	0.0120537
17	38	0.00945547
17	39	0.0121537
17	40	0.00424261
17	41	0.00535417
17	42	0.0132343
17	43	0.0168117
17	44	0.0157486
17	45	0.0172472
17	46	0.00884065
17	47	0.00711391
17	48	0.00301299
17	49	0.0116034
17	50	0.0134142
17	51	0.0109934
17	52	0.0189717
17	53	0.0103602
17	54	0.0133959
17	55	0.0154242
17	56	0.0116883
17	57	0.0145092
17	58	0.0108917
17	59	0.00862377
17	60	0.00792299
17	61	0.0100548
17	62	0.00635133
17	63	0.00879863
17	64	0.00961595
17	65	0.00413136
17	66	0.0163444
17	67	0.00544023
17	68	0.00257114
17	69	0.0152152
17	70	0.0122009
17	71	0.0145425
17	72	0.0129167
17	73	0.0078007
17	74	0.00619717
17	75	0.00591441
17	76	0.0134758
17	77	0.0132583
17	78	0.0121728
17	79	0.00872598
17	80	0.0181278
17	81	0.015006
17	82	0.0101336
17	83	0.0165135
17	84	0.0125122
17	85	0.0167911
17	86	0.0152479
17	87	0.0209423
17	88	0.0217877
17	89	0.0118137
17	90	0.0161079
17	91	0.00820865
17	92	0.0133886
17	93	0.0114232
17	94	0.0215285
17	95	0.0191918
17	96	0.0179083
17	97	0.016777
17	98	0.0148132
17	99	0.0102652
17	100	0.0168733
17	101	0.00919955
17	102	0.0165671
17	103	0.0146552
17	104	0.014421
17	105	0.0200394
17	106	0.017422
17	107	0.0109689
17	108	0.016901
17	109	0.0156139
17	110	0.0149371
17	111	0.0159204
17	112	0.0182186
17	113	0.00603132
17	114	0.0102716
17	115	0.0184749
17	116	0.00749903
17	117	0.0104544
17	118	0.0109094
17	119	0.0130371
17	120	0.00606404
17	121	0.0173149
17	122	0.0135007
17	123	0.0153424
17	124	0.0143286
17	125	0.0085789
17	126	0.0165803
17	127	0.0177717
17	128	0.0137406
17	129	0.0218646
17	130	0.0199169
17	131	0.0203979
17	132	0.00936917
17	133	0.0211053
17	134	0.020394
17	135	0.0165298
17	136	0.0133496
17	137	0.0115492
17	138	0.00684812
18	1	0.0373413
18	2	0.0153633
18	3	0.0295271
18	4	0.0224223
18	5	0.0464016
18	6	0.022612
18	7	0.0316583
18	8	0.0336604
18	9	0.0399858
18	10	0.0308091
18	11	0.0266716
18	12	0.0149105
18	13	0.0103683
18	14	0.0327066
18	15	0.0309733
18	16	0.0263844
18	17	0.0137237
18	18	0.0117277
18	19	0.0305848
18	20	0.0155355
18	21	0.0151851
18	22	0.0296609
18	23	0.0218325
18	24	0.0236305
18	25	0.011204
18	26	0.0223499
18	27	0.027982
18	28	0.0209241
18	29	0.038511
18	30	0.0388931
18	31	0.0266733
18	32	0.0255002
18	33	0.0577735
18	34	0.0332806
18	35	0.0242233
18	36	0.00842436
18	37	0.0218136
18	38	0.0170665
18	39	0.0216819
18	40	0.00760915
18	41	0.00957629
18	42	0.0237319
18	43	0.0304604
18	44	0.0280045
18	45	0.0307386
18	46	0.0158983
18	47	0.0128343
18	48	0.00540725
18	49	0.02104
18	50	0.0242445
18	51	0.0198931
18	52	0.0342305
18	53	0.0185626
18	54	0.0241899
18	55	0.0281028
18	56	0.0213311
18	57	0.0260971
18	58	0.0196955
18	59	0.0155408
18	60	0.0143882
18	61	0.0181777
18	62	0.0114252
18	63	0.0159023
18	64	0.0173635
18	65	0.00746801
18	66	0.0294802
18	67	0.00990655
18	68	0.00466082
18	69	0.0276433
18	70	0.022138
18	71	0.0261716
18	72	0.02323
18	73	0.0140346
18	74	0.0112264
18	75	0.010629
18	76	0.024331
18	77	0.0239309
18	78	0.0219843
18	79	0.0153816
18	80	0.0326101
18	81	0.0268554
18	82	0.0182805
18	83	0.0297085
18	84	0.022508
18	85	0.0303591
18	86	0.027209
18	87	0.0377067
18	88	0.0395432
18	89	0.021317
18	90	0.0290566
18	91	0.0148029
18	92	0.0240427
18	93	0.0203853
18	94	0.0385308
18	95	0.0343059
18	96	0.0321152
18	97	0.0298828
18	98	0.0261942
18	99	0.0182463
18	100	0.0301598
18	101	0.0163474
18	102	0.0294268
18	103	0.0264207
18	104	0.0258528
18	105	0.0359078
18	106	0.0310117
18	107	0.0193981
18	108	0.0299847
18	109	0.0277096
18	110	0.0267016
18	111	0.0282697
18	112	0.0326772
18	113	0.0107963
18	114	0.018263
18	115	0.0332873
18	116	0.0132465
18	117	0.0186902
18	118	0.0192614
18	119	0.023099
18	120	0.0107617
18	121	0.0310285
18	122	0.0238901
18	123	0.0276249
18	124	0.0258733
18	125	0.0152977
18	126	0.0299131
18	127	0.0319219
18	128	0.0246796
18	129	0.0393754
18	130	0.0361724
18	131	0.0371062
18	132	0.0170003
18	133	0.0384277
18	134	0.0372124
18	135	0.0302008
18	136	0.0242304
18	137	0.0206278
18	138	0.0123348
19	1	0.046763
19	2	0.018693
19	3	0.0369677
19	4	0.0279425
19	5	0.0583253
19	6	0.02811
19	7	0.0394754
19	8	0.0422385
19	9	0.0501452
19	10	0.038453
19	11	0.0333955
19	12	0.0184668
19	13	0.0127776
19	14	0.0412881
19	15	0.0388811
19	16	0.0331124
19	17	0.0169469
19	18	0.0305848
19	19	0.0184186
19	20	0.0192633
19	21	0.018773
19	22	0.0371329
19	23	0.0271958
19	24	0.0292433
19	25	0.0138133
19	26	0.0277963
19	27	0.0347611
19	28	0.0259891
19	29	0.0481856
19	30	0.0488957
19	31	0.0331125
19	32	0.0317216
19	33	0.0729239
19	34	0.0418271
19	35	0.030197
19	36	0.0101172
19	37	0.0271498
19	38	0.0211213
19	39	0.0269995
19	40	0.0094108
19	41	0.0119547
19	42	0.0295798
19	43	0.0381415
19	44	0.0348969
19	45	0.0383949
19	46	0.0197172
19	47	0.0160113
19	48	0.00668368
19	49	0.0263102
19	50	0.0303147
19	51	0.0250669
19	52	0.0429607
19	53	0.0229912
19	54	0.030302
19	55	0.0352392
19	56	0.0268259
19	57	0.0326015
19	58	0.0247764
19	59	0.0192871
19	60	0.0178529
19	61	0.0226896
19	62	0.0143879
19	63	0.0200843
