1.3 9.7 7.0 18.8 36.9 39.5 30.4 25.2 30.3 24.8 24.5 25.9 25.0 32.0 37.9 45.4 34.9 25.5 27.3 45.1 30.0 33.8 45.3 57.4 65.0 52.4 61.3 61.6 36.5 38.4 21.3 29.1 78.2 75.2 75.6 60.4 50.5 
9.7 1.4 3.7 8.7 17.9 21.6 16.0 13.4 16.8 12.9 13.5 14.2 14.4 17.9 22.3 34.9 24.7 15.3 15.7 35.0 19.4 22.4 29.3 49.4 46.1 40.3 46.9 45.6 29.0 30.3 13.6 19.7 53.8 62.2 57.7 48.3 41.4 
7.0 3.7 1.4 9.8 19.9 24.0 17.6 14.1 18.5 13.7 13.8 14.5 15.3 18.7 24.6 35.1 26.6 15.7 16.5 32.8 19.3 24.0 31.8 49.3 46.7 39.2 50.1 46.7 32.2 30.7 14.7 21.0 57.2 58.9 61.1 50.0 43.0 
18.8 8.7 9.8 1.5 5.2 8.6 7.3 7.4 10.4 9.7 10.4 11.0 11.4 13.0 15.2 20.7 15.2 11.2 11.3 20.1 12.4 14.9 19.7 35.1 31.7 28.6 32.2 29.3 18.3 19.7 10.3 14.2 37.4 48.0 48.6 41.0 29.4 
36.9 17.9 19.9 5.2 1.8 2.8 5.0 7.9 8.9 13.4 14.7 15.3 16.1 14.8 14.1 11.5 12.4 15.7 15.5 11.4 13.5 13.2 14.1 17.7 18.1 19.0 18.8 16.5 15.2 13.3 15.6 15.0 19.2 26.6 27.0 24.8 21.9 
39.5 21.6 24.0 8.6 2.8 1.8 3.9 7.4 8.9 13.6 14.8 15.5 16.0 14.6 13.4 11.8 12.6 16.1 15.6 12.0 13.6 13.8 14.5 18.2 18.3 18.7 18.9 16.9 15.6 14.3 17.4 15.9 19.9 26.4 29.0 26.1 23.1 
30.4 16.0 17.6 7.3 5.0 3.9 1.9 3.9 6.9 9.0 9.9 10.6 11.0 11.0 11.2 12.4 11.3 11.2 11.3 12.3 11.3 12.9 14.8 21.2 21.0 20.1 21.5 19.4 15.4 14.6 12.7 14.3 24.3 30.8 32.9 27.8 23.7 
25.2 13.4 14.1 7.4 7.9 7.4 3.9 1.9 4.0 6.5 7.4 8.3 8.8 9.5 10.3 12.1 10.4 9.5 9.7 12.7 10.5 12.0 14.9 23.3 22.5 20.8 22.5 21.6 14.9 14.5 10.5 13.0 27.1 34.3 35.6 28.8 24.2 
30.3 16.8 18.5 10.4 8.9 8.9 6.9 4.0 2.0 4.3 5.6 6.5 7.5 7.6 8.3 8.6 9.5 10.2 10.6 11.3 11.2 12.1 14.2 20.1 20.0 19.6 20.6 18.9 15.1 13.8 12.6 14.2 22.9 31.0 31.8 26.6 23.2 
24.8 12.9 13.7 9.7 13.4 13.6 9.0 6.5 4.3 1.9 3.4 5.1 6.5 7.3 9.1 11.8 11.4 9.4 10.1 16.0 11.8 14.2 18.6 28.8 26.9 25.5 28.2 26.9 18.6 19.0 11.5 15.6 34.3 41.4 43.5 36.3 29.6 
24.5 13.5 13.8 10.4 14.7 14.8 9.9 7.4 5.6 3.4 1.9 3.9 5.7 6.8 8.7 11.9 11.4 9.2 9.9 16.6 11.8 14.4 19.0 29.7 28.0 25.8 28.2 27.9 19.3 19.5 11.7 16.0 36.5 43.1 45.3 36.7 31.0 
25.9 14.2 14.5 11.0 15.3 15.5 10.6 8.3 6.5 5.1 3.9 2.0 3.6 4.8 6.5 9.3 9.8 8.5 9.3 15.6 11.5 14.3 18.7 28.7 27.1 25.1 27.3 26.9 19.0 19.7 12.0 16.2 36.2 41.1 44.5 36.2 30.5 
25.0 14.4 15.3 11.4 16.1 16.0 11.0 8.8 7.5 6.5 5.7 3.6 1.9 3.9 5.9 8.8 9.2 8.2 9.0 15.4 11.5 14.1 18.6 28.0 26.3 24.4 27.2 27.2 18.6 19.1 11.8 15.9 36.2 39.9 44.2 35.7 30.4 
32.0 17.9 18.7 13.0 14.8 14.6 11.0 9.5 7.6 7.3 6.8 4.8 3.9 2.0 3.7 6.3 7.8 8.3 9.1 13.1 10.9 13.6 17.3 25.2 24.2 22.2 25.0 23.7 17.6 18.1 13.2 16.4 30.6 36.4 39.7 32.7 28.9 
37.9 22.3 24.6 15.2 14.1 13.4 11.2 10.3 8.3 9.1 8.7 6.5 5.9 3.7 1.9 3.9 6.1 8.3 9.2 11.1 10.2 12.7 15.5 22.4 21.2 19.4 21.4 21.0 15.6 16.3 14.8 16.4 27.2 32.4 35.8 29.8 26.3 
45.4 34.9 35.1 20.7 11.5 11.8 12.4 12.1 8.6 11.8 11.9 9.3 8.8 6.3 3.9 1.8 4.1 9.7 11.1 8.0 12.0 12.1 13.3 14.8 15.5 17.3 16.6 15.4 15.3 14.3 19.3 16.6 17.5 23.8 25.1 24.5 22.5 
34.9 24.7 26.6 15.2 12.4 12.6 11.3 10.4 9.5 11.4 11.4 9.8 9.2 7.8 6.1 4.1 1.9 4.5 6.2 6.2 8.6 10.3 11.2 15.4 16.4 16.2 16.4 15.6 13.4 12.3 12.6 13.0 19.1 24.8 26.9 23.4 20.3 
25.5 15.3 15.7 11.2 15.7 16.1 11.2 9.5 10.2 9.4 9.2 8.5 8.2 8.3 8.3 9.7 4.5 1.9 3.3 6.2 7.1 9.7 13.2 22.4 22.5 20.4 23.1 23.3 15.1 15.2 9.4 12.6 29.3 34.1 36.3 29.7 25.5 
27.3 15.7 16.5 11.3 15.5 15.6 11.3 9.7 10.6 10.1 9.9 9.3 9.0 9.1 9.2 11.1 6.2 3.3 1.9 4.8 6.2 9.0 12.4 21.1 21.0 19.0 21.5 21.9 14.4 14.6 9.6 12.6 28.6 32.9 34.9 29.0 24.6 
45.1 35.0 32.8 20.1 11.4 12.0 12.3 12.7 11.3 16.0 16.6 15.6 15.4 13.1 11.1 8.0 6.2 6.2 4.8 1.8 4.2 6.7 7.9 10.3 12.3 13.8 13.1 11.9 12.3 10.5 15.0 12.8 14.8 20.3 21.0 20.5 17.8 
30.0 19.4 19.3 12.4 13.5 13.6 11.3 10.5 11.2 11.8 11.8 11.5 11.5 10.9 10.2 12.0 8.6 7.1 6.2 4.2 1.9 3.8 7.1 14.0 14.9 13.6 15.2 16.1 11.0 11.7 9.6 11.6 22.0 26.3 30.1 23.9 20.7 
33.8 22.4 24.0 14.9 13.2 13.8 12.9 12.0 12.1 14.2 14.4 14.3 14.1 13.6 12.7 12.1 10.3 9.7 9.0 6.7 3.8 1.8 4.1 9.4 11.4 12.1 12.9 12.8 10.6 10.5 10.5 11.4 17.2 22.2 24.5 21.3 18.8 
45.3 29.3 31.8 19.7 14.1 14.5 14.8 14.9 14.2 18.6 19.0 18.7 18.6 17.3 15.5 13.3 11.2 13.2 12.4 7.9 7.1 4.1 1.8 4.2 7.3 8.7 9.1 9.5 9.1 8.8 12.1 10.6 13.7 16.9 19.8 16.4 14.8 
57.4 49.4 49.3 35.1 17.7 18.2 21.2 23.3 20.1 28.8 29.7 28.7 28.0 25.2 22.4 14.8 15.4 22.4 21.1 10.3 14.0 9.4 4.2 1.6 4.3 7.9 8.0 8.6 11.6 11.2 20.4 14.2 11.9 14.0 15.1 16.2 15.9 
65.0 46.1 46.7 31.7 18.1 18.3 21.0 22.5 20.0 26.9 28.0 27.1 26.3 24.2 21.2 15.5 16.4 22.5 21.0 12.3 14.9 11.4 7.3 4.3 1.7 3.8 5.3 7.6 10.2 11.1 18.5 13.9 12.9 14.4 16.2 15.9 16.1 
52.4 40.3 39.2 28.6 19.0 18.7 20.1 20.8 19.6 25.5 25.8 25.1 24.4 22.2 19.4 17.3 16.2 20.4 19.0 13.8 13.6 12.1 8.7 7.9 3.8 1.7 3.2 7.1 8.4 10.3 15.1 13.0 14.1 16.3 19.2 17.0 17.0 
61.3 46.9 50.1 32.2 18.8 18.9 21.5 22.5 20.6 28.2 28.2 27.3 27.2 25.0 21.4 16.6 16.4 23.1 21.5 13.1 15.2 12.9 9.1 8.0 5.3 3.2 1.8 3.5 7.3 9.3 15.9 12.5 12.2 14.3 16.3 15.7 15.4 
61.6 45.6 46.7 29.3 16.5 16.9 19.4 21.6 18.9 26.9 27.9 26.9 27.2 23.7 21.0 15.4 15.6 23.3 21.9 11.9 16.1 12.8 9.5 8.6 7.6 7.1 3.5 1.7 4.1 6.9 14.8 11.0 10.4 12.8 15.0 14.9 14.5 
36.5 29.0 32.2 18.3 15.2 15.6 15.4 14.9 15.1 18.6 19.3 19.0 18.6 17.6 15.6 15.3 13.4 15.1 14.4 12.3 11.0 10.6 9.1 11.6 10.2 8.4 7.3 4.1 1.8 3.8 7.4 7.7 11.3 15.1 18.2 14.8 13.9 
38.4 30.3 30.7 19.7 13.3 14.3 14.6 14.5 13.8 19.0 19.5 19.7 19.1 18.1 16.3 14.3 12.3 15.2 14.6 10.5 11.7 10.5 8.8 11.2 11.1 10.3 9.3 6.9 3.8 1.8 4.6 5.5 9.0 13.1 15.2 12.9 11.8 
21.3 13.6 14.7 10.3 15.6 17.4 12.7 10.5 12.6 11.5 11.7 12.0 11.8 13.2 14.8 19.3 12.6 9.4 9.6 15.0 9.6 10.5 12.1 20.4 18.5 15.1 15.9 14.8 7.4 4.6 1.8 3.5 12.7 17.7 20.5 16.4 14.5 
29.1 19.7 21.0 14.2 15.0 15.9 14.3 13.0 14.2 15.6 16.0 16.2 15.9 16.4 16.4 16.6 13.0 12.6 12.6 12.8 11.6 11.4 10.6 14.2 13.9 13.0 12.5 11.0 7.7 5.5 3.5 1.9 4.1 9.2 12.3 10.8 10.7 
78.2 53.8 57.2 37.4 19.2 19.9 24.3 27.1 22.9 34.3 36.5 36.2 36.2 30.6 27.2 17.5 19.1 29.3 28.6 14.8 22.0 17.2 13.7 11.9 12.9 14.1 12.2 10.4 11.3 9.0 12.7 4.1 1.6 3.8 7.0 9.2 10.8 
75.2 62.2 58.9 48.0 26.6 26.4 30.8 34.3 31.0 41.4 43.1 41.1 39.9 36.4 32.4 23.8 24.8 34.1 32.9 20.3 26.3 22.2 16.9 14.0 14.4 16.3 14.3 12.8 15.1 13.1 17.7 9.2 3.8 1.6 3.5 7.1 9.4 
75.6 57.7 61.1 48.6 27.0 29.0 32.9 35.6 31.8 43.5 45.3 44.5 44.2 39.7 35.8 25.1 26.9 36.3 34.9 21.0 30.1 24.5 19.8 15.1 16.2 19.2 16.3 15.0 18.2 15.2 20.5 12.3 7.0 3.5 1.6 3.4 6.4 
60.4 48.3 50.0 41.0 24.8 26.1 27.8 28.8 26.6 36.3 36.7 36.2 35.7 32.7 29.8 24.5 23.4 29.7 29.0 20.5 23.9 21.3 16.4 16.2 15.9 17.0 15.7 14.9 14.8 12.9 16.4 10.8 9.2 7.1 3.4 1.7 3.3 
50.5 41.4 43.0 29.4 21.9 23.1 23.7 24.2 23.2 29.6 31.0 30.5 30.4 28.9 26.3 22.5 20.3 25.5 24.6 17.8 20.7 18.8 14.8 15.9 16.1 17.0 15.4 14.5 13.9 11.8 14.5 10.7 10.8 9.4 6.4 3.3 1.8 
